dayofweek,home_team,score,away_team,home_goals,away_goals,result,home_goals_total_home,away_goals_total_home,home_conceded_home,away_conceded_home,goalsScored_home,goalsConceded_home,home_goals_total_away,away_goals_total_away,home_conceded_away,away_conceded_away,goalsScored_away,goalsConceded_away
Sáb,Atlético,0–2,UNAM,0,2,0,109,106,136,150,215,286,294,206,204,301,500,505
Sáb,Pachuca,1–3,León,1,3,0,329,249,197,272,578,469,332,240,225,278,572,503
Vie,Puebla,1–3,Tijuana,1,3,0,242,188,242,271,430,513,247,160,200,308,407,508
Vie,Atlas,1–0,FC Juárez,1,0,1,198,201,207,268,399,475,96,71,107,145,167,252
Dom,Toluca,0–2,Querétaro,0,2,0,332,212,216,283,544,499,215,184,206,294,399,500
Dom,Santos,3–0,Guadalajara,3,0,1,321,220,214,297,541,511,233,212,204,222,445,426
Sáb,América,4–2,Monterrey,4,2,1,363,310,198,246,673,444,354,254,181,257,608,438
Sáb,Necaxa,0–0,Cruz Azul,0,0,-1,181,164,174,202,345,376,264,211,193,227,475,420
Sáb,UANL,4–2,Morelia,4,2,1,367,253,189,214,620,403,148,138,147,177,286,324
Vie,Morelia,0–1,Atlas,0,1,0,148,138,147,177,286,324,198,201,207,268,399,475
Vie,Veracruz,3–3,Pachuca,3,3,-1,109,69,138,191,178,329,329,249,197,272,578,469
Dom,UNAM,2–0,Necaxa,2,0,1,294,206,204,301,500,505,181,164,174,202,345,376
Dom,Atlético,1–0,Monterrey,1,0,1,109,106,136,150,215,286,354,254,181,257,608,438
Dom,Santos,3–0,FC Juárez,3,0,1,321,220,214,297,541,511,96,71,107,145,167,252
Sáb,León,0–0,América,0,0,-1,332,240,225,278,572,503,363,310,198,246,673,444
Sáb,Tijuana,1–1,Querétaro,1,1,-1,247,160,200,308,407,508,215,184,206,294,399,500
Sáb,Cruz Azul,1–1,Toluca,1,1,-1,264,211,193,227,475,420,332,212,216,283,544,499
Dom,Guadalajara,2–0,UANL,2,0,1,233,212,204,222,445,426,367,253,189,214,620,403
Sáb,Querétaro,3–0,Cruz Azul,3,0,1,215,184,206,294,399,500,264,211,193,227,475,420
Vie,Puebla,1–1,Guadalajara,1,1,-1,242,188,242,271,430,513,233,212,204,222,445,426
Vie,Atlas,1–2,Santos,1,2,0,198,201,207,268,399,475,321,220,214,297,541,511
Dom,UNAM,0–1,UANL,0,1,0,294,206,204,301,500,505,367,253,189,214,620,403
Sáb,América,3–1,Tijuana,3,1,1,363,310,198,246,673,444,247,160,200,308,407,508
Sáb,Pachuca,1–2,Morelia,1,2,0,329,249,197,272,578,469,148,138,147,177,286,324
Sáb,Necaxa,7–0,Veracruz,7,0,1,181,164,174,202,345,376,109,69,138,191,178,329
Sáb,Monterrey,3–2,León,3,2,1,354,254,181,257,608,438,332,240,225,278,572,503
Dom,FC Juárez,2–0,Toluca,2,0,1,96,71,107,145,167,252,332,212,216,283,544,499
Sáb,Cruz Azul,2–0,FC Juárez,2,0,1,264,211,193,227,475,420,96,71,107,145,167,252
Sáb,Querétaro,2–1,Pachuca,2,1,1,215,184,206,294,399,500,329,249,197,272,578,469
Vie,Morelia,0–1,Monterrey,0,1,0,148,138,147,177,286,324,354,254,181,257,608,438
Vie,Tijuana,1–0,UNAM,1,0,1,247,160,200,308,407,508,294,206,204,301,500,505
Vie,Veracruz,1–2,Atlas,1,2,0,109,69,138,191,178,329,198,201,207,268,399,475
Dom,Toluca,0–1,América,0,1,0,332,212,216,283,544,499,363,310,198,246,673,444
Dom,Santos,4–1,Puebla,4,1,1,321,220,214,297,541,511,242,188,242,271,430,513
Sáb,UANL,3–1,Necaxa,3,1,1,367,253,189,214,620,403,181,164,174,202,345,376
Sáb,Guadalajara,3–0,Atlético,3,0,1,233,212,204,222,445,426,109,106,136,150,215,286
Sáb,Atlético,1–1,UANL,1,1,-1,109,106,136,150,215,286,367,253,189,214,620,403
Vie,Puebla,0–4,Pachuca,0,4,0,242,188,242,271,430,513,329,249,197,272,578,469
Vie,Atlas,1–3,Cruz Azul,1,3,0,198,201,207,268,399,475,264,211,193,227,475,420
Dom,UNAM,2–0,Veracruz,2,0,1,294,206,204,301,500,505,109,69,138,191,178,329
Dom,Necaxa,3–0,Santos,3,0,1,181,164,174,202,345,376,321,220,214,297,541,511
Sáb,León,4–3,Guadalajara,4,3,1,332,240,225,278,572,503,233,212,204,222,445,426
Sáb,América,1–0,Morelia,1,0,1,363,310,198,246,673,444,148,138,147,177,286,324
Sáb,Monterrey,2–0,Toluca,2,0,1,354,254,181,257,608,438,332,212,216,283,544,499
Dom,FC Juárez,0–2,Querétaro,0,2,0,96,71,107,145,167,252,215,184,206,294,399,500
Sáb,Querétaro,0–4,León,0,4,0,215,184,206,294,399,500,332,240,225,278,572,503
Vie,Veracruz,1–2,Atlético,1,2,0,109,69,138,191,178,329,109,106,136,150,215,286
Vie,Morelia,2–0,UNAM,2,0,1,148,138,147,177,286,324,294,206,204,301,500,505
Vie,Santos,2–1,Monterrey,2,1,1,321,220,214,297,541,511,354,254,181,257,608,438
Dom,Toluca,2–0,Tijuana,2,0,1,332,212,216,283,544,499,247,160,200,308,407,508
Dom,Guadalajara,1–2,Necaxa,1,2,0,233,212,204,222,445,426,181,164,174,202,345,376
Sáb,Pachuca,3–1,Atlas,3,1,1,329,249,197,272,578,469,198,201,207,268,399,475
Sáb,Cruz Azul,1–1,Puebla,1,1,-1,264,211,193,227,475,420,242,188,242,271,430,513
Sáb,UANL,1–1,América,1,1,-1,367,253,189,214,620,403,363,310,198,246,673,444
Mar,Atlético,1–1,Morelia,1,1,-1,109,106,136,150,215,286,148,138,147,177,286,324
Mar,Atlas,1–1,UANL,1,1,-1,198,201,207,268,399,475,367,253,189,214,620,403
Mar,Veracruz,0–5,Querétaro,0,5,0,109,69,138,191,178,329,215,184,206,294,399,500
Mar,América,1–1,Pachuca,1,1,-1,363,310,198,246,673,444,329,249,197,272,578,469
Mié,León,2–2,Santos,2,2,-1,332,240,225,278,572,503,321,220,214,297,541,511
Mié,Tijuana,3–2,Cruz Azul,3,2,1,247,160,200,308,407,508,264,211,193,227,475,420
Mié,Necaxa,1–1,Toluca,1,1,-1,181,164,174,202,345,376,332,212,216,283,544,499
Jue,Puebla,2–1,FC Juárez,2,1,1,242,188,242,271,430,513,96,71,107,145,167,252
Jue,Monterrey,2–0,UNAM,2,0,1,354,254,181,257,608,438,294,206,204,301,500,505
Sáb,Necaxa,3–2,Tijuana,3,2,1,181,164,174,202,345,376,247,160,200,308,407,508
Vie,Morelia,1–0,Veracruz,1,0,1,148,138,147,177,286,324,109,69,138,191,178,329
Vie,Atlas,3–0,América,3,0,1,198,201,207,268,399,475,363,310,198,246,673,444
Dom,UNAM,2–1,Toluca,2,1,1,294,206,204,301,500,505,332,212,216,283,544,499
Dom,Querétaro,1–1,Puebla,1,1,-1,215,184,206,294,399,500,242,188,242,271,430,513
Sáb,Pachuca,0–2,Atlético,0,2,0,329,249,197,272,578,469,109,106,136,150,215,286
Sáb,UANL,1–1,León,1,1,-1,367,253,189,214,620,403,332,240,225,278,572,503
Sáb,Cruz Azul,1–1,Guadalajara,1,1,-1,264,211,193,227,475,420,233,212,204,222,445,426
Dom,FC Juárez,1–0,Monterrey,1,0,1,96,71,107,145,167,252,354,254,181,257,608,438
Sáb,Monterrey,0–2,Necaxa,0,2,0,354,254,181,257,608,438,181,164,174,202,345,376
Vie,Puebla,1–3,Atlético,1,3,0,242,188,242,271,430,513,109,106,136,150,215,286
Vie,Tijuana,1–1,UANL,1,1,-1,247,160,200,308,407,508,367,253,189,214,620,403
Vie,Veracruz,0–0,Cruz Azul,0,0,-1,109,69,138,191,178,329,264,211,193,227,475,420
Dom,Toluca,0–2,Morelia,0,2,0,332,212,216,283,544,499,148,138,147,177,286,324
Dom,Santos,2–2,Pachuca,2,2,-1,321,220,214,297,541,511,329,249,197,272,578,469
Sáb,León,3–1,FC Juárez,3,1,1,332,240,225,278,572,503,96,71,107,145,167,252
Sáb,Guadalajara,1–0,Atlas,1,0,1,233,212,204,222,445,426,198,201,207,268,399,475
Sáb,América,1–1,UNAM,1,1,-1,363,310,198,246,673,444,294,206,204,301,500,505
Sáb,Monterrey,3–2,Puebla,3,2,1,354,254,181,257,608,438,242,188,242,271,430,513
Sáb,Atlético,2–3,Santos,2,3,0,109,106,136,150,215,286,321,220,214,297,541,511
Sáb,Necaxa,2–4,León,2,4,0,181,164,174,202,345,376,332,240,225,278,572,503
Vie,Atlas,0–1,Toluca,0,1,0,198,201,207,268,399,475,332,212,216,283,544,499
Vie,Morelia,1–0,Guadalajara,1,0,1,148,138,147,177,286,324,233,212,204,222,445,426
Dom,UNAM,1–1,Cruz Azul,1,1,-1,294,206,204,301,500,505,264,211,193,227,475,420
Sáb,Pachuca,4–1,Tijuana,4,1,1,329,249,197,272,578,469,247,160,200,308,407,508
Sáb,América,2–2,Querétaro,2,2,-1,363,310,198,246,673,444,215,184,206,294,399,500
Dom,FC Juárez,2–0,Veracruz,2,0,1,96,71,107,145,167,252,109,69,138,191,178,329
Mar,Querétaro,1–2,Necaxa,1,2,0,215,184,206,294,399,500,181,164,174,202,345,376
Mar,UANL,0–1,Puebla,0,1,0,367,253,189,214,620,403,242,188,242,271,430,513
Mar,León,1–1,Atlas,1,1,-1,332,240,225,278,572,503,198,201,207,268,399,475
Mar,Guadalajara,2–4,Pachuca,2,4,0,233,212,204,222,445,426,329,249,197,272,578,469
Mié,FC Juárez,1–1,América,1,1,-1,96,71,107,145,167,252,363,310,198,246,673,444
Mié,Santos,5–0,Veracruz,5,0,1,321,220,214,297,541,511,109,69,138,191,178,329
Mié,Tijuana,3–2,Morelia,3,2,1,247,160,200,308,407,508,148,138,147,177,286,324
Mié,Cruz Azul,1–1,Monterrey,1,1,-1,264,211,193,227,475,420,354,254,181,257,608,438
Jue,Toluca,3–1,Atlético,3,1,1,332,212,216,283,544,499,109,106,136,150,215,286
Sáb,Pachuca,2–0,Cruz Azul,2,0,1,329,249,197,272,578,469,264,211,193,227,475,420
Vie,Puebla,2–1,León,2,1,1,242,188,242,271,430,513,332,240,225,278,572,503
Vie,Atlas,2–0,Querétaro,2,0,1,198,201,207,268,399,475,215,184,206,294,399,500
Dom,UNAM,2–0,Santos,2,0,1,294,206,204,301,500,505,321,220,214,297,541,511
Dom,Atlético,2–3,Tijuana,2,3,0,109,106,136,150,215,286,247,160,200,308,407,508
Sáb,Necaxa,0–0,FC Juárez,0,0,-1,181,164,174,202,345,376,96,71,107,145,167,252
Sáb,Monterrey,0–2,UANL,0,2,0,354,254,181,257,608,438,367,253,189,214,620,403
Sáb,América,4–1,Guadalajara,4,1,1,363,310,198,246,673,444,233,212,204,222,445,426
Dom,Veracruz,1–1,Toluca,1,1,-1,109,69,138,191,178,329,332,212,216,283,544,499
Sáb,León,1–1,Veracruz,1,1,-1,332,240,225,278,572,503,109,69,138,191,178,329
Vie,Morelia,2–3,Necaxa,2,3,0,148,138,147,177,286,324,181,164,174,202,345,376
Dom,Toluca,1–1,Puebla,1,1,-1,332,212,216,283,544,499,242,188,242,271,430,513
Dom,FC Juárez,1–2,Atlético,1,2,0,96,71,107,145,167,252,109,106,136,150,215,286
Sáb,Cruz Azul,5–2,América,5,2,1,264,211,193,227,475,420,363,310,198,246,673,444
Sáb,UANL,4–0,Santos,4,0,1,367,253,189,214,620,403,321,220,214,297,541,511
Sáb,Tijuana,2–2,Atlas,2,2,-1,247,160,200,308,407,508,198,201,207,268,399,475
Sáb,Guadalajara,1–1,UNAM,1,1,-1,233,212,204,222,445,426,294,206,204,301,500,505
Dom,Querétaro,2–1,Monterrey,2,1,1,215,184,206,294,399,500,354,254,181,257,608,438
Sáb,Cruz Azul,2–3,Morelia,2,3,0,264,211,193,227,475,420,148,138,147,177,286,324
Vie,Puebla,0–1,Atlas,0,1,0,242,188,242,271,430,513,198,201,207,268,399,475
Vie,Veracruz,1–3,UANL,1,3,0,109,69,138,191,178,329,367,253,189,214,620,403
Vie,Santos,4–1,Tijuana,4,1,1,321,220,214,297,541,511,247,160,200,308,407,508
Dom,UNAM,1–2,León,1,2,0,294,206,204,301,500,505,332,240,225,278,572,503
Dom,Atlético,0–2,Querétaro,0,2,0,109,106,136,150,215,286,215,184,206,294,399,500
Sáb,Pachuca,0–1,FC Juárez,0,1,0,329,249,197,272,578,469,96,71,107,145,167,252
Sáb,Necaxa,2–2,América,2,2,-1,181,164,174,202,345,376,363,310,198,246,673,444
Dom,Monterrey,1–1,Guadalajara,1,1,-1,354,254,181,257,608,438,233,212,204,222,445,426
Sáb,Querétaro,3–0,UNAM,3,0,1,215,184,206,294,399,500,294,206,204,301,500,505
Vie,Morelia,2–2,Santos,2,2,-1,148,138,147,177,286,324,321,220,214,297,541,511
Vie,Tijuana,2–0,Veracruz,2,0,1,247,160,200,308,407,508,109,69,138,191,178,329
Vie,Atlas,0–2,Necaxa,0,2,0,198,201,207,268,399,475,181,164,174,202,345,376
Dom,Toluca,2–0,Pachuca,2,0,1,332,212,216,283,544,499,329,249,197,272,578,469
Sáb,América,2–0,Puebla,2,0,1,363,310,198,246,673,444,242,188,242,271,430,513
Sáb,León,3–2,Atlético,3,2,1,332,240,225,278,572,503,109,106,136,150,215,286
Sáb,UANL,1–1,Cruz Azul,1,1,-1,367,253,189,214,620,403,264,211,193,227,475,420
Dom,FC Juárez,1–2,Guadalajara,1,2,0,96,71,107,145,167,252,233,212,204,222,445,426
Mar,Atlético,0–1,América,0,1,0,109,106,136,150,215,286,363,310,198,246,673,444
Mar,Veracruz,1–0,Puebla,1,0,1,109,69,138,191,178,329,242,188,242,271,430,513
Mar,Santos,1–0,Querétaro,1,0,1,321,220,214,297,541,511,215,184,206,294,399,500
Mar,UNAM,5–1,Atlas,5,1,1,294,206,204,301,500,505,198,201,207,268,399,475
Mié,Pachuca,2–3,Monterrey,2,3,0,329,249,197,272,578,469,354,254,181,257,608,438
Mié,UANL,1–0,Toluca,1,0,1,367,253,189,214,620,403,332,212,216,283,544,499
Mié,Guadalajara,0–1,Tijuana,0,1,0,233,212,204,222,445,426,247,160,200,308,407,508
Jue,Morelia,6–1,FC Juárez,6,1,1,148,138,147,177,286,324,96,71,107,145,167,252
Jue,Cruz Azul,1–0,León,1,0,1,264,211,193,227,475,420,332,240,225,278,572,503
Sáb,Querétaro,0–0,UANL,0,0,-1,215,184,206,294,399,500,367,253,189,214,620,403
Vie,Puebla,1–1,UNAM,1,1,-1,242,188,242,271,430,513,294,206,204,301,500,505
Vie,Atlas,1–2,Atlético,1,2,0,198,201,207,268,399,475,109,106,136,150,215,286
Dom,Toluca,1–3,Guadalajara,1,3,0,332,212,216,283,544,499,233,212,204,222,445,426
Sáb,América,1–2,Santos,1,2,0,363,310,198,246,673,444,321,220,214,297,541,511
Sáb,Monterrey,1–1,Veracruz,1,1,-1,354,254,181,257,608,438,109,69,138,191,178,329
Sáb,Necaxa,1–2,Pachuca,1,2,0,181,164,174,202,345,376,329,249,197,272,578,469
Dom,FC Juárez,3–0,Tijuana,3,0,1,96,71,107,145,167,252,247,160,200,308,407,508
Dom,León,1–1,Morelia,1,1,-1,332,240,225,278,572,503,148,138,147,177,286,324
Sáb,Atlético,0–2,Necaxa,0,2,0,109,106,136,150,215,286,181,164,174,202,345,376
Vie,Morelia,3–2,Puebla,3,2,1,148,138,147,177,286,324,242,188,242,271,430,513
Vie,Tijuana,0–4,Monterrey,0,4,0,247,160,200,308,407,508,354,254,181,257,608,438
Vie,Veracruz,0–5,América,0,5,0,109,69,138,191,178,329,363,310,198,246,673,444
Dom,UNAM,1–1,FC Juárez,1,1,-1,294,206,204,301,500,505,96,71,107,145,167,252
Sáb,UANL,0–0,Pachuca,0,0,-1,367,253,189,214,620,403,329,249,197,272,578,469
Sáb,León,4–0,Toluca,4,0,1,332,240,225,278,572,503,332,212,216,283,544,499
Sáb,Guadalajara,3–2,Querétaro,3,2,1,233,212,204,222,445,426,215,184,206,294,399,500
Dom,Santos,3–1,Cruz Azul,3,1,1,321,220,214,297,541,511,264,211,193,227,475,420
Sáb,Querétaro,3–1,Morelia,3,1,1,215,184,206,294,399,500,148,138,147,177,286,324
Vie,Puebla,3–0,Necaxa,3,0,1,242,188,242,271,430,513,181,164,174,202,345,376
Vie,Tijuana,1–2,León,1,2,0,247,160,200,308,407,508,332,240,225,278,572,503
Dom,Toluca,2–2,Santos,2,2,-1,332,212,216,283,544,499,321,220,214,297,541,511
Sáb,Monterrey,2–0,Atlas,2,0,1,354,254,181,257,608,438,198,201,207,268,399,475
Sáb,Cruz Azul,3–1,Atlético,3,1,1,264,211,193,227,475,420,109,106,136,150,215,286
Sáb,Guadalajara,3–1,Veracruz,3,1,1,233,212,204,222,445,426,109,69,138,191,178,329
Sáb,Pachuca,2–0,UNAM,2,0,1,329,249,197,272,578,469,294,206,204,301,500,505
Dom,FC Juárez,1–2,UANL,1,2,0,96,71,107,145,167,252,367,253,189,214,620,403
Mié,Morelia,3–3,León,3,3,-1,148,138,147,177,286,324,332,240,225,278,572,503
Mié,Necaxa,3–0,Querétaro,3,0,1,181,164,174,202,345,376,215,184,206,294,399,500
Jue,Monterrey,5–2,Santos,5,2,1,354,254,181,257,608,438,321,220,214,297,541,511
Jue,América,1–2,UANL,1,2,0,363,310,198,246,673,444,367,253,189,214,620,403
Sáb,León,1–2,Morelia,1,2,0,332,240,225,278,572,503,148,138,147,177,286,324
Sáb,Querétaro,2–3,Necaxa,2,3,0,215,184,206,294,399,500,181,164,174,202,345,376
Dom,Santos,1–1,Monterrey,1,1,-1,321,220,214,297,541,511,354,254,181,257,608,438
Dom,UANL,2–4,América,2,4,0,367,253,189,214,620,403,363,310,198,246,673,444
Mié,Monterrey,2–1,Necaxa,2,1,1,354,254,181,257,608,438,181,164,174,202,345,376
Jue,Morelia,2–0,América,2,0,1,148,138,147,177,286,324,363,310,198,246,673,444
Sáb,Necaxa,0–1,Monterrey,0,1,0,181,164,174,202,345,376,354,254,181,257,608,438
Dom,América,2–0,Morelia,2,0,1,363,310,198,246,673,444,148,138,147,177,286,324
Jue,Monterrey,2–1,América,2,1,1,354,254,181,257,608,438,363,310,198,246,673,444
Dom,América,2–1,Monterrey,2,1,1,363,310,198,246,673,444,354,254,181,257,608,438
Sáb,Cruz Azul,1–2,Atlas,1,2,0,264,211,193,227,475,420,198,201,207,268,399,475
Vie,Tijuana,2–1,Santos,2,1,1,247,160,200,308,407,508,321,220,214,297,541,511
Vie,Morelia,0–1,Toluca,0,1,0,148,138,147,177,286,324,332,212,216,283,544,499
Dom,UNAM,2–1,Pachuca,2,1,1,294,206,204,301,500,505,329,249,197,272,578,469
Sáb,León,3–1,Querétaro,3,1,1,332,240,225,278,572,503,215,184,206,294,399,500
Sáb,Guadalajara,2–0,FC Juárez,2,0,1,233,212,204,222,445,426,96,71,107,145,167,252
Sáb,UANL,0–0,Atlético,0,0,-1,367,253,189,214,620,403,109,106,136,150,215,286
Jue,FC Juárez,4–4,UNAM,4,4,-1,96,71,107,145,167,252,294,206,204,301,500,505
Sáb,Monterrey,2–2,Morelia,2,2,-1,354,254,181,257,608,438,148,138,147,177,286,324
Vie,Atlético,2–1,Cruz Azul,2,1,1,109,106,136,150,215,286,264,211,193,227,475,420
Vie,Atlas,0–1,Puebla,0,1,0,198,201,207,268,399,475,242,188,242,271,430,513
Dom,Toluca,2–3,Necaxa,2,3,0,332,212,216,283,544,499,181,164,174,202,345,376
Dom,Querétaro,3–0,Tijuana,3,0,1,215,184,206,294,399,500,247,160,200,308,407,508
Sáb,Pachuca,0–0,Guadalajara,0,0,-1,329,249,197,272,578,469,233,212,204,222,445,426
Sáb,América,1–0,UANL,1,0,1,363,310,198,246,673,444,367,253,189,214,620,403
Dom,Santos,3–2,León,3,2,1,321,220,214,297,541,511,332,240,225,278,572,503
Sáb,Cruz Azul,3–0,Santos,3,0,1,264,211,193,227,475,420,321,220,214,297,541,511
Vie,Tijuana,0–0,América,0,0,-1,247,160,200,308,407,508,363,310,198,246,673,444
Vie,Puebla,0–1,Querétaro,0,1,0,242,188,242,271,430,513,215,184,206,294,399,500
Dom,UNAM,1–0,Monterrey,1,0,1,294,206,204,301,500,505,354,254,181,257,608,438
Dom,Necaxa,1–1,Atlético,1,1,-1,181,164,174,202,345,376,109,106,136,150,215,286
Sáb,UANL,2–1,Atlas,2,1,1,367,253,189,214,620,403,198,201,207,268,399,475
Sáb,León,3–0,Pachuca,3,0,1,332,240,225,278,572,503,329,249,197,272,578,469
Sáb,Guadalajara,2–2,Toluca,2,2,-1,233,212,204,222,445,426,332,212,216,283,544,499
Dom,FC Juárez,3–0,Morelia,3,0,1,96,71,107,145,167,252,148,138,147,177,286,324
Sáb,Necaxa,2–0,Puebla,2,0,1,181,164,174,202,345,376,242,188,242,271,430,513
Sáb,Monterrey,1–2,Querétaro,1,2,0,354,254,181,257,608,438,215,184,206,294,399,500
Sáb,Morelia,1–2,León,1,2,0,148,138,147,177,286,324,332,240,225,278,572,503
Vie,Atlético,2–2,Guadalajara,2,2,-1,109,106,136,150,215,286,233,212,204,222,445,426
Vie,Atlas,2–1,Tijuana,2,1,1,198,201,207,268,399,475,247,160,200,308,407,508
Dom,Toluca,3–3,Cruz Azul,3,3,-1,332,212,216,283,544,499,264,211,193,227,475,420
Sáb,Pachuca,2–0,UANL,2,0,1,329,249,197,272,578,469,367,253,189,214,620,403
Sáb,América,1–3,FC Juárez,1,3,0,363,310,198,246,673,444,96,71,107,145,167,252
Sáb,Santos,1–1,UNAM,1,1,-1,321,220,214,297,541,511,294,206,204,301,500,505
Mar,Puebla,0–1,América,0,1,0,242,188,242,271,430,513,363,310,198,246,673,444
Mié,Necaxa,2–2,Monterrey,2,2,-1,181,164,174,202,345,376,354,254,181,257,608,438
Jue,Atlas,1–3,Morelia,1,3,0,198,201,207,268,399,475,148,138,147,177,286,324
Sáb,Cruz Azul,3–1,Pachuca,3,1,1,264,211,193,227,475,420,329,249,197,272,578,469
Vie,Tijuana,1–1,Toluca,1,1,-1,247,160,200,308,407,508,332,212,216,283,544,499
Vie,Puebla,2–2,Santos,2,2,-1,242,188,242,271,430,513,321,220,214,297,541,511
Dom,UNAM,4–0,Atlético,4,0,1,294,206,204,301,500,505,109,106,136,150,215,286
Sáb,UANL,3–0,Guadalajara,3,0,1,367,253,189,214,620,403,233,212,204,222,445,426
Sáb,León,3–1,Monterrey,3,1,1,332,240,225,278,572,503,354,254,181,257,608,438
Dom,Querétaro,1–2,América,1,2,0,215,184,206,294,399,500,363,310,198,246,673,444
Dom,FC Juárez,2–1,Necaxa,2,1,1,96,71,107,145,167,252,181,164,174,202,345,376
Sáb,Pachuca,1–0,Puebla,1,0,1,329,249,197,272,578,469,242,188,242,271,430,513
Sáb,Toluca,2–3,UNAM,2,3,0,332,212,216,283,544,499,294,206,204,301,500,505
Vie,Atlético,3–1,León,3,1,1,109,106,136,150,215,286,332,240,225,278,572,503
Vie,Morelia,1–1,Tijuana,1,1,-1,148,138,147,177,286,324,247,160,200,308,407,508
Dom,Necaxa,2–3,Querétaro,2,3,0,181,164,174,202,345,376,215,184,206,294,399,500
Sáb,América,2–0,Atlas,2,0,1,363,310,198,246,673,444,198,201,207,268,399,475
Sáb,Monterrey,1–1,FC Juárez,1,1,-1,354,254,181,257,608,438,96,71,107,145,167,252
Sáb,Guadalajara,1–2,Cruz Azul,1,2,0,233,212,204,222,445,426,264,211,193,227,475,420
Dom,Santos,2–1,UANL,2,1,1,321,220,214,297,541,511,367,253,189,214,620,403
Sáb,León,2–1,Necaxa,2,1,1,332,240,225,278,572,503,181,164,174,202,345,376
Vie,Atlas,0–2,Pachuca,0,2,0,198,201,207,268,399,475,329,249,197,272,578,469
Vie,Tijuana,0–1,Guadalajara,0,1,0,247,160,200,308,407,508,233,212,204,222,445,426
Vie,Puebla,2–0,Toluca,2,0,1,242,188,242,271,430,513,332,212,216,283,544,499
Dom,UNAM,1–2,Morelia,1,2,0,294,206,204,301,500,505,148,138,147,177,286,324
Dom,Querétaro,0–1,Atlético,0,1,0,215,184,206,294,399,500,109,106,136,150,215,286
Sáb,Cruz Azul,2–1,UANL,2,1,1,264,211,193,227,475,420,367,253,189,214,620,403
Sáb,Monterrey,0–1,América,0,1,0,354,254,181,257,608,438,363,310,198,246,673,444
Dom,FC Juárez,1–2,Santos,1,2,0,96,71,107,145,167,252,321,220,214,297,541,511
Sáb,Pachuca,1–1,Querétaro,1,1,-1,329,249,197,272,578,469,215,184,206,294,399,500
Vie,Atlético,0–3,FC Juárez,0,3,0,109,106,136,150,215,286,96,71,107,145,167,252
Vie,Toluca,2–0,Monterrey,2,0,1,332,212,216,283,544,499,354,254,181,257,608,438
Vie,Tijuana,0–1,Puebla,0,1,0,247,160,200,308,407,508,242,188,242,271,430,513
Vie,Morelia,2–4,Cruz Azul,2,4,0,148,138,147,177,286,324,264,211,193,227,475,420
Dom,Guadalajara,2–0,León,2,0,1,233,212,204,222,445,426,332,240,225,278,572,503
Sáb,América,0–3,Necaxa,0,3,0,363,310,198,246,673,444,181,164,174,202,345,376
Sáb,UANL,3–0,UNAM,3,0,1,367,253,189,214,620,403,294,206,204,301,500,505
Dom,Santos,1–0,Atlas,1,0,1,321,220,214,297,541,511,198,201,207,268,399,475
Sáb,Cruz Azul,4–2,Tijuana,4,2,1,264,211,193,227,475,420,247,160,200,308,407,508
Sáb,Monterrey,2–2,Atlético,2,2,-1,354,254,181,257,608,438,109,106,136,150,215,286
Vie,Querétaro,1–1,Toluca,1,1,-1,215,184,206,294,399,500,332,212,216,283,544,499
Vie,UNAM,3–3,América,3,3,-1,294,206,204,301,500,505,363,310,198,246,673,444
Vie,Puebla,0–0,UANL,0,0,-1,242,188,242,271,430,513,367,253,189,214,620,403
Dom,Necaxa,1–2,Morelia,1,2,0,181,164,174,202,345,376,148,138,147,177,286,324
Sáb,Pachuca,1–0,Santos,1,0,1,329,249,197,272,578,469,321,220,214,297,541,511
Sáb,Atlas,1–2,Guadalajara,1,2,0,198,201,207,268,399,475,233,212,204,222,445,426
Dom,FC Juárez,1–4,León,1,4,0,96,71,107,145,167,252,332,240,225,278,572,503
Sáb,Atlético,0–1,Puebla,0,1,0,109,106,136,150,215,286,242,188,242,271,430,513
Vie,Tijuana,3–2,Pachuca,3,2,1,247,160,200,308,407,508,329,249,197,272,578,469
Vie,Morelia,4–0,Querétaro,4,0,1,148,138,147,177,286,324,215,184,206,294,399,500
Dom,Toluca,2–3,Atlas,2,3,0,332,212,216,283,544,499,198,201,207,268,399,475
Sáb,UANL,3–2,FC Juárez,3,2,1,367,253,189,214,620,403,96,71,107,145,167,252
Sáb,León,3–1,UNAM,3,1,1,332,240,225,278,572,503,294,206,204,301,500,505
Sáb,Guadalajara,1–1,Monterrey,1,1,-1,233,212,204,222,445,426,354,254,181,257,608,438
Dom,Santos,2–1,Necaxa,2,1,1,321,220,214,297,541,511,181,164,174,202,345,376
Dom,América,0–1,Cruz Azul,0,1,0,363,310,198,246,673,444,264,211,193,227,475,420
Vie,Necaxa,0–3,UANL,0,3,0,181,164,174,202,345,376,367,253,189,214,620,403
Dom,UNAM,3–2,Querétaro,3,2,1,294,206,204,301,500,505,215,184,206,294,399,500
Sáb,Tijuana,3–1,Atlas,3,1,1,247,160,200,308,407,508,198,201,207,268,399,475
Sáb,Guadalajara,0–0,León,0,0,-1,233,212,204,222,445,426,332,240,225,278,572,503
Sáb,Cruz Azul,2–0,Santos,2,0,1,264,211,193,227,475,420,321,220,214,297,541,511
Lun,Atlético,1–1,FC Juárez,1,1,-1,109,106,136,150,215,286,96,71,107,145,167,252
Lun,Pachuca,1–2,América,1,2,0,329,249,197,272,578,469,363,310,198,246,673,444
Lun,Mazatlán,1–4,Puebla,1,4,0,90,76,96,137,166,233,242,188,242,271,430,513
Mar,Monterrey,3–1,Toluca,3,1,1,354,254,181,257,608,438,332,212,216,283,544,499
Vie,Puebla,1–1,Cruz Azul,1,1,-1,242,188,242,271,430,513,264,211,193,227,475,420
Vie,FC Juárez,1–0,Necaxa,1,0,1,96,71,107,145,167,252,181,164,174,202,345,376
Dom,Toluca,3–2,Atlético,3,2,1,332,212,216,283,544,499,109,106,136,150,215,286
Dom,Querétaro,1–1,Mazatlán,1,1,-1,215,184,206,294,399,500,90,76,96,137,166,233
Sáb,UANL,1–1,Pachuca,1,1,-1,367,253,189,214,620,403,329,249,197,272,578,469
Sáb,América,4–0,Tijuana,4,0,1,363,310,198,246,673,444,247,160,200,308,407,508
Dom,Santos,2–0,Guadalajara,2,0,1,321,220,214,297,541,511,233,212,204,222,445,426
Lun,Atlas,1–2,UNAM,1,2,0,198,201,207,268,399,475,294,206,204,301,500,505
Lun,León,1–0,Monterrey,1,0,1,332,240,225,278,572,503,354,254,181,257,608,438
Jue,Pachuca,1–0,Querétaro,1,0,1,329,249,197,272,578,469,215,184,206,294,399,500
Jue,Tijuana,0–0,UANL,0,0,-1,247,160,200,308,407,508,367,253,189,214,620,403
Vie,Necaxa,1–1,América,1,1,-1,181,164,174,202,345,376,363,310,198,246,673,444
Vie,Mazatlán,2–1,Toluca,2,1,1,90,76,96,137,166,233,332,212,216,283,544,499
Dom,UNAM,1–1,FC Juárez,1,1,-1,294,206,204,301,500,505,96,71,107,145,167,252
Sáb,Cruz Azul,2–0,León,2,0,1,264,211,193,227,475,420,332,240,225,278,572,503
Sáb,Monterrey,2–2,Santos,2,2,-1,354,254,181,257,608,438,321,220,214,297,541,511
Sáb,Guadalajara,0–1,Puebla,0,1,0,233,212,204,222,445,426,242,188,242,271,430,513
Dom,Atlético,1–1,Atlas,1,1,-1,109,106,136,150,215,286,198,201,207,268,399,475
Mar,Necaxa,1–0,Mazatlán,1,0,1,181,164,174,202,345,376,90,76,96,137,166,233
Mié,Querétaro,1–0,Cruz Azul,1,0,1,215,184,206,294,399,500,264,211,193,227,475,420
Mar,Pachuca,0–1,León,0,1,0,329,249,197,272,578,469,332,240,225,278,572,503
Mar,UANL,2–1,Puebla,2,1,1,367,253,189,214,620,403,242,188,242,271,430,513
Mié,FC Juárez,0–2,Guadalajara,0,2,0,96,71,107,145,167,252,233,212,204,222,445,426
Mié,Tijuana,0–2,Atlético,0,2,0,247,160,200,308,407,508,109,106,136,150,215,286
Mié,UNAM,1–1,Monterrey,1,1,-1,294,206,204,301,500,505,354,254,181,257,608,438
Jue,Atlas,1–2,Toluca,1,2,0,198,201,207,268,399,475,332,212,216,283,544,499
Jue,América,3–1,Santos,3,1,1,363,310,198,246,673,444,321,220,214,297,541,511
Sáb,Guadalajara,2–1,Atlético,2,1,1,233,212,204,222,445,426,109,106,136,150,215,286
Vie,Puebla,0–1,Pachuca,0,1,0,242,188,242,271,430,513,329,249,197,272,578,469
Dom,Toluca,3–2,UANL,3,2,1,332,212,216,283,544,499,367,253,189,214,620,403
Sáb,Cruz Azul,3–2,FC Juárez,3,2,1,264,211,193,227,475,420,96,71,107,145,167,252
Sáb,Mazatlán,0–0,UNAM,0,0,-1,90,76,96,137,166,233,294,206,204,301,500,505
Sáb,Monterrey,1–1,Necaxa,1,1,-1,354,254,181,257,608,438,181,164,174,202,345,376
Dom,Santos,0–0,Atlas,0,0,-1,321,220,214,297,541,511,198,201,207,268,399,475
Dom,Querétaro,4–1,América,4,1,1,215,184,206,294,399,500,363,310,198,246,673,444
Lun,León,2–1,Tijuana,2,1,1,332,240,225,278,572,503,247,160,200,308,407,508
Sáb,Atlas,1–0,Querétaro,1,0,1,198,201,207,268,399,475,215,184,206,294,399,500
Vie,Necaxa,2–1,Santos,2,1,1,181,164,174,202,345,376,321,220,214,297,541,511
Vie,FC Juárez,0–0,León,0,0,-1,96,71,107,145,167,252,332,240,225,278,572,503
Dom,Toluca,1–0,Guadalajara,1,0,1,332,212,216,283,544,499,233,212,204,222,445,426
Sáb,UANL,1–1,UNAM,1,1,-1,367,253,189,214,620,403,294,206,204,301,500,505
Sáb,América,1–3,Monterrey,1,3,0,363,310,198,246,673,444,354,254,181,257,608,438
Dom,Tijuana,1–0,Puebla,1,0,1,247,160,200,308,407,508,242,188,242,271,430,513
Dom,Atlético,1–3,Cruz Azul,1,3,0,109,106,136,150,215,286,264,211,193,227,475,420
Lun,Pachuca,4–3,Mazatlán,4,3,1,329,249,197,272,578,469,90,76,96,137,166,233
Vie,Puebla,4–1,Toluca,4,1,1,242,188,242,271,430,513,332,212,216,283,544,499
Vie,Mazatlán,1–1,UANL,1,1,-1,90,76,96,137,166,233,367,253,189,214,620,403
Dom,UNAM,3–0,Tijuana,3,0,1,294,206,204,301,500,505,247,160,200,308,407,508
Sáb,Guadalajara,0–0,Pachuca,0,0,-1,233,212,204,222,445,426,329,249,197,272,578,469
Sáb,Atlético,1–2,América,1,2,0,109,106,136,150,215,286,363,310,198,246,673,444
Sáb,Cruz Azul,3–0,Necaxa,3,0,1,264,211,193,227,475,420,181,164,174,202,345,376
Dom,Santos,2–1,Querétaro,2,1,1,321,220,214,297,541,511,215,184,206,294,399,500
Dom,Monterrey,2–1,FC Juárez,2,1,1,354,254,181,257,608,438,96,71,107,145,167,252
Lun,León,2–1,Atlas,2,1,1,332,240,225,278,572,503,198,201,207,268,399,475
Mié,América,3–1,Mazatlán,3,1,1,363,310,198,246,673,444,90,76,96,137,166,233
Jue,Querétaro,4–1,Toluca,4,1,1,215,184,206,294,399,500,332,212,216,283,544,499
Jue,Pachuca,3–1,Atlético,3,1,1,329,249,197,272,578,469,109,106,136,150,215,286
Sáb,UNAM,4–1,Puebla,4,1,1,294,206,204,301,500,505,242,188,242,271,430,513
Vie,Tijuana,2–1,Monterrey,2,1,1,247,160,200,308,407,508,354,254,181,257,608,438
Vie,Necaxa,0–2,León,0,2,0,181,164,174,202,345,376,332,240,225,278,572,503
Vie,FC Juárez,1–1,Santos,1,1,-1,96,71,107,145,167,252,321,220,214,297,541,511
Sáb,Atlas,1–0,Cruz Azul,1,0,1,198,201,207,268,399,475,264,211,193,227,475,420
Sáb,UANL,1–3,Guadalajara,1,3,0,367,253,189,214,620,403,233,212,204,222,445,426
Mar,Atlético,2–1,Necaxa,2,1,1,109,106,136,150,215,286,181,164,174,202,345,376
Mié,León,1–1,UANL,1,1,-1,332,240,225,278,572,503,367,253,189,214,620,403
Mar,Toluca,0–1,FC Juárez,0,1,0,332,212,216,283,544,499,96,71,107,145,167,252
Mar,Monterrey,1–1,Atlas,1,1,-1,354,254,181,257,608,438,198,201,207,268,399,475
Mar,Guadalajara,1–1,Querétaro,1,1,-1,233,212,204,222,445,426,215,184,206,294,399,500
Mar,Puebla,2–3,América,2,3,0,242,188,242,271,430,513,363,310,198,246,673,444
Mié,Cruz Azul,1–0,Pachuca,1,0,1,264,211,193,227,475,420,329,249,197,272,578,469
Mié,Mazatlán,1–0,Tijuana,1,0,1,90,76,96,137,166,233,247,160,200,308,407,508
Mié,Santos,1–2,UNAM,1,2,0,321,220,214,297,541,511,294,206,204,301,500,505
Sáb,Atlas,1–1,Mazatlán,1,1,-1,198,201,207,268,399,475,90,76,96,137,166,233
Vie,Necaxa,1–2,Guadalajara,1,2,0,181,164,174,202,345,376,233,212,204,222,445,426
Vie,FC Juárez,1–0,Puebla,1,0,1,96,71,107,145,167,252,242,188,242,271,430,513
Dom,UNAM,3–0,Atlético,3,0,1,294,206,204,301,500,505,109,106,136,150,215,286
Sáb,UANL,2–0,Santos,2,0,1,367,253,189,214,620,403,321,220,214,297,541,511
Sáb,América,1–1,Toluca,1,1,-1,363,310,198,246,673,444,332,212,216,283,544,499
Dom,Querétaro,2–3,León,2,3,0,215,184,206,294,399,500,332,240,225,278,572,503
Dom,Tijuana,1–2,Cruz Azul,1,2,0,247,160,200,308,407,508,264,211,193,227,475,420
Lun,Pachuca,1–1,Monterrey,1,1,-1,329,249,197,272,578,469,354,254,181,257,608,438
Sáb,Atlas,0–1,Pachuca,0,1,0,198,201,207,268,399,475,329,249,197,272,578,469
Vie,Necaxa,0–1,Puebla,0,1,0,181,164,174,202,345,376,242,188,242,271,430,513
Vie,Mazatlán,2–3,Cruz Azul,2,3,0,90,76,96,137,166,233,264,211,193,227,475,420
Dom,Toluca,1–2,Santos,1,2,0,332,212,216,283,544,499,321,220,214,297,541,511
Sáb,UANL,3–0,Querétaro,3,0,1,367,253,189,214,620,403,215,184,206,294,399,500
Sáb,América,1–0,Guadalajara,1,0,1,363,310,198,246,673,444,233,212,204,222,445,426
Dom,Atlético,1–2,Monterrey,1,2,0,109,106,136,150,215,286,354,254,181,257,608,438
Lun,León,2–0,UNAM,2,0,1,332,240,225,278,572,503,294,206,204,301,500,505
Jue,Pachuca,0–0,Toluca,0,0,-1,329,249,197,272,578,469,332,212,216,283,544,499
Sáb,Guadalajara,2–1,Mazatlán,2,1,1,233,212,204,222,445,426,90,76,96,137,166,233
Vie,Puebla,3–3,Querétaro,3,3,-1,242,188,242,271,430,513,215,184,206,294,399,500
Vie,FC Juárez,0–1,Atlas,0,1,0,96,71,107,145,167,252,198,201,207,268,399,475
Dom,Atlético,0–2,León,0,2,0,109,106,136,150,215,286,332,240,225,278,572,503
Sáb,UNAM,1–1,Necaxa,1,1,-1,294,206,204,301,500,505,181,164,174,202,345,376
Sáb,Monterrey,0–2,UANL,0,2,0,354,254,181,257,608,438,367,253,189,214,620,403
Dom,Cruz Azul,0–0,América,0,0,-1,264,211,193,227,475,420,363,310,198,246,673,444
Mié,Tijuana,2–1,FC Juárez,2,1,1,247,160,200,308,407,508,96,71,107,145,167,252
Sáb,Atlas,0–1,Necaxa,0,1,0,198,201,207,268,399,475,181,164,174,202,345,376
Vie,Puebla,0–2,Santos,0,2,0,242,188,242,271,430,513,321,220,214,297,541,511
Vie,León,2–1,Mazatlán,2,1,1,332,240,225,278,572,503,90,76,96,137,166,233
Dom,Toluca,2–0,Cruz Azul,2,0,1,332,212,216,283,544,499,264,211,193,227,475,420
Dom,FC Juárez,1–1,Pachuca,1,1,-1,96,71,107,145,167,252,329,249,197,272,578,469
Sáb,UANL,3–0,Atlético,3,0,1,367,253,189,214,620,403,109,106,136,150,215,286
Sáb,América,2–2,UNAM,2,2,-1,363,310,198,246,673,444,294,206,204,301,500,505
Dom,Querétaro,1–2,Monterrey,1,2,0,215,184,206,294,399,500,354,254,181,257,608,438
Dom,Tijuana,0–0,Guadalajara,0,0,-1,247,160,200,308,407,508,233,212,204,222,445,426
Dom,Santos,2–0,Tijuana,2,0,1,321,220,214,297,541,511,247,160,200,308,407,508
Jue,Atlético,2–1,Querétaro,2,1,1,109,106,136,150,215,286,215,184,206,294,399,500
Sáb,Monterrey,3–1,Puebla,3,1,1,354,254,181,257,608,438,242,188,242,271,430,513
Vie,Necaxa,2–0,Tijuana,2,0,1,181,164,174,202,345,376,247,160,200,308,407,508
Vie,Mazatlán,3–2,FC Juárez,3,2,1,90,76,96,137,166,233,96,71,107,145,167,252
Dom,UNAM,1–0,Toluca,1,0,1,294,206,204,301,500,505,332,212,216,283,544,499
Sáb,Guadalajara,3–2,Atlas,3,2,1,233,212,204,222,445,426,198,201,207,268,399,475
Sáb,Cruz Azul,0–2,UANL,0,2,0,264,211,193,227,475,420,367,253,189,214,620,403
Dom,Santos,1–1,Pachuca,1,1,-1,321,220,214,297,541,511,329,249,197,272,578,469
Lun,León,3–2,América,3,2,1,332,240,225,278,572,503,363,310,198,246,673,444
Sáb,Querétaro,0–1,Necaxa,0,1,0,215,184,206,294,399,500,181,164,174,202,345,376
Vie,Puebla,1–2,León,1,2,0,242,188,242,271,430,513,332,240,225,278,572,503
Dom,Toluca,2–0,Tijuana,2,0,1,332,212,216,283,544,499,247,160,200,308,407,508
Dom,Guadalajara,0–2,Cruz Azul,0,2,0,233,212,204,222,445,426,264,211,193,227,475,420
Sáb,UANL,1–1,FC Juárez,1,1,-1,367,253,189,214,620,403,96,71,107,145,167,252
Sáb,Mazatlán,1–2,Monterrey,1,2,0,90,76,96,137,166,233,354,254,181,257,608,438
Sáb,América,1–0,Atlas,1,0,1,363,310,198,246,673,444,198,201,207,268,399,475
Dom,Santos,2–1,Atlético,2,1,1,321,220,214,297,541,511,109,106,136,150,215,286
Lun,Pachuca,1–1,UNAM,1,1,-1,329,249,197,272,578,469,294,206,204,301,500,505
Jue,Atlético,0–5,Mazatlán,0,5,0,109,106,136,150,215,286,90,76,96,137,166,233
Sáb,Atlas,0–1,Puebla,0,1,0,198,201,207,268,399,475,242,188,242,271,430,513
Vie,Necaxa,3–2,Toluca,3,2,1,181,164,174,202,345,376,332,212,216,283,544,499
Vie,Tijuana,0–2,Pachuca,0,2,0,247,160,200,308,407,508,329,249,197,272,578,469
Vie,FC Juárez,1–0,Querétaro,1,0,1,96,71,107,145,167,252,215,184,206,294,399,500
Dom,América,3–1,UANL,3,1,1,363,310,198,246,673,444,367,253,189,214,620,403
Sáb,UNAM,2–2,Guadalajara,2,2,-1,294,206,204,301,500,505,233,212,204,222,445,426
Sáb,Monterrey,1–0,Cruz Azul,1,0,1,354,254,181,257,608,438,264,211,193,227,475,420
Lun,León,2–1,Santos,2,1,1,332,240,225,278,572,503,321,220,214,297,541,511
Sáb,Guadalajara,3–1,Monterrey,3,1,1,233,212,204,222,445,426,354,254,181,257,608,438
Sáb,Pachuca,0–1,Necaxa,0,1,0,329,249,197,272,578,469,181,164,174,202,345,376
Vie,Puebla,1–0,Atlético,1,0,1,242,188,242,271,430,513,109,106,136,150,215,286
Vie,FC Juárez,1–1,América,1,1,-1,96,71,107,145,167,252,363,310,198,246,673,444
Dom,Toluca,2–2,León,2,2,-1,332,212,216,283,544,499,332,240,225,278,572,503
Sáb,UANL,1–1,Atlas,1,1,-1,367,253,189,214,620,403,198,201,207,268,399,475
Sáb,Cruz Azul,1–2,UNAM,1,2,0,264,211,193,227,475,420,294,206,204,301,500,505
Dom,Santos,4–0,Mazatlán,4,0,1,321,220,214,297,541,511,90,76,96,137,166,233
Dom,Querétaro,2–2,Tijuana,2,2,-1,215,184,206,294,399,500,247,160,200,308,407,508
Sáb,Santos,0–3,Pachuca,0,3,0,321,220,214,297,541,511,329,249,197,272,578,469
Sáb,Guadalajara,1–0,Necaxa,1,0,1,233,212,204,222,445,426,181,164,174,202,345,376
Dom,UANL,2–1,Toluca,2,1,1,367,253,189,214,620,403,332,212,216,283,544,499
Dom,Monterrey,2–2,Puebla,2,2,-1,354,254,181,257,608,438,242,188,242,271,430,513
Mié,Puebla,2–1,León,2,1,1,242,188,242,271,430,513,332,240,225,278,572,503
Mié,Guadalajara,1–0,América,1,0,1,233,212,204,222,445,426,363,310,198,246,673,444
Jue,UANL,1–3,Cruz Azul,1,3,0,367,253,189,214,620,403,264,211,193,227,475,420
Jue,Pachuca,0–1,UNAM,0,1,0,329,249,197,272,578,469,294,206,204,301,500,505
Dom,UNAM,0–0,Pachuca,0,0,-1,294,206,204,301,500,505,329,249,197,272,578,469
Sáb,León,2–0,Puebla,2,0,1,332,240,225,278,572,503,242,188,242,271,430,513
Sáb,América,1–2,Guadalajara,1,2,0,363,310,198,246,673,444,233,212,204,222,445,426
Dom,Cruz Azul,0–1,UANL,0,1,0,264,211,193,227,475,420,367,253,189,214,620,403
Mié,Guadalajara,1–1,León,1,1,-1,233,212,204,222,445,426,332,240,225,278,572,503
Jue,Cruz Azul,4–0,UNAM,4,0,1,264,211,193,227,475,420,294,206,204,301,500,505
Sáb,León,1–0,Guadalajara,1,0,1,332,240,225,278,572,503,233,212,204,222,445,426
Dom,UNAM,4–0,Cruz Azul,4,0,1,294,206,204,301,500,505,264,211,193,227,475,420
Jue,UNAM,1–1,León,1,1,-1,294,206,204,301,500,505,332,240,225,278,572,503
Dom,León,2–0,UNAM,2,0,1,332,240,225,278,572,503,294,206,204,301,500,505
Sáb,Atlas,0–2,Monterrey,0,2,0,198,201,207,268,399,475,354,254,181,257,608,438
Vie,Tijuana,0–0,UNAM,0,0,-1,247,160,200,308,407,508,294,206,204,301,500,505
Vie,Puebla,1–1,Guadalajara,1,1,-1,242,188,242,271,430,513,233,212,204,222,445,426
Vie,Mazatlán,3–2,Necaxa,3,2,1,90,76,96,137,166,233,181,164,174,202,345,376
Dom,Toluca,3–1,Querétaro,3,1,1,332,212,216,283,544,499,215,184,206,294,399,500
Sáb,UANL,2–0,León,2,0,1,367,253,189,214,620,403,332,240,225,278,572,503
Sáb,América,2–1,Atlético,2,1,1,363,310,198,246,673,444,109,106,136,150,215,286
Dom,Santos,1–0,Cruz Azul,1,0,1,321,220,214,297,541,511,264,211,193,227,475,420
Lun,Pachuca,1–1,FC Juárez,1,1,-1,329,249,197,272,578,469,96,71,107,145,167,252
Sáb,Guadalajara,1–1,Toluca,1,1,-1,233,212,204,222,445,426,332,212,216,283,544,499
Vie,Necaxa,1–0,Atlético,1,0,1,181,164,174,202,345,376,109,106,136,150,215,286
Vie,FC Juárez,0–0,Tijuana,0,0,-1,96,71,107,145,167,252,247,160,200,308,407,508
Dom,UNAM,3–0,Mazatlán,3,0,1,294,206,204,301,500,505,90,76,96,137,166,233
Sáb,Cruz Azul,0–1,Puebla,0,1,0,264,211,193,227,475,420,242,188,242,271,430,513
Sáb,Monterrey,1–0,América,1,0,1,354,254,181,257,608,438,363,310,198,246,673,444
Dom,Santos,2–0,UANL,2,0,1,321,220,214,297,541,511,367,253,189,214,620,403
Dom,Querétaro,1–0,Atlas,1,0,1,215,184,206,294,399,500,198,201,207,268,399,475
Lun,León,0–0,Pachuca,0,0,-1,332,240,225,278,572,503,329,249,197,272,578,469
Jue,Atlético,3–1,Guadalajara,3,1,1,109,106,136,150,215,286,233,212,204,222,445,426
Vie,Puebla,0–1,Tijuana,0,1,0,242,188,242,271,430,513,247,160,200,308,407,508
Vie,Mazatlán,0–0,Santos,0,0,-1,90,76,96,137,166,233,321,220,214,297,541,511
Dom,Toluca,2–0,Necaxa,2,0,1,332,212,216,283,544,499,181,164,174,202,345,376
Sáb,Atlas,0–2,UANL,0,2,0,198,201,207,268,399,475,367,253,189,214,620,403
Dom,Querétaro,2–0,UNAM,2,0,1,215,184,206,294,399,500,294,206,204,301,500,505
Lun,Pachuca,0–1,Cruz Azul,0,1,0,329,249,197,272,578,469,264,211,193,227,475,420
Mar,América,2–0,FC Juárez,2,0,1,363,310,198,246,673,444,96,71,107,145,167,252
Jue,UANL,1–1,Necaxa,1,1,-1,367,253,189,214,620,403,181,164,174,202,345,376
Vie,Mazatlán,1–0,Pachuca,1,0,1,90,76,96,137,166,233,329,249,197,272,578,469
Dom,UNAM,0–0,Atlas,0,0,-1,294,206,204,301,500,505,198,201,207,268,399,475
Sáb,Guadalajara,1–2,FC Juárez,1,2,0,233,212,204,222,445,426,96,71,107,145,167,252
Sáb,Tijuana,3–2,Toluca,3,2,1,247,160,200,308,407,508,332,212,216,283,544,499
Sáb,Cruz Azul,4–1,Querétaro,4,1,1,264,211,193,227,475,420,215,184,206,294,399,500
Dom,Santos,1–1,América,1,1,-1,321,220,214,297,541,511,363,310,198,246,673,444
Lun,León,3–1,Atlético,3,1,1,332,240,225,278,572,503,109,106,136,150,215,286
Mar,Puebla,0–0,Monterrey,0,0,-1,242,188,242,271,430,513,354,254,181,257,608,438
Jue,Atlético,2–2,Tijuana,2,2,-1,109,106,136,150,215,286,247,160,200,308,407,508
Jue,Querétaro,3–1,Pachuca,3,1,1,215,184,206,294,399,500,329,249,197,272,578,469
Sáb,Atlas,1–1,Santos,1,1,-1,198,201,207,268,399,475,321,220,214,297,541,511
Vie,Necaxa,0–2,Cruz Azul,0,2,0,181,164,174,202,345,376,264,211,193,227,475,420
Dom,Toluca,4–1,Mazatlán,4,1,1,332,212,216,283,544,499,90,76,96,137,166,233
Sáb,América,1–0,Puebla,1,0,1,363,310,198,246,673,444,242,188,242,271,430,513
Sáb,Monterrey,1–0,UNAM,1,0,1,354,254,181,257,608,438,294,206,204,301,500,505
Lun,León,1–3,Guadalajara,1,3,0,332,240,225,278,572,503,233,212,204,222,445,426
Vie,Tijuana,2–0,León,2,0,1,247,160,200,308,407,508,332,240,225,278,572,503
Vie,Puebla,4–0,FC Juárez,4,0,1,242,188,242,271,430,513,96,71,107,145,167,252
Vie,Mazatlán,0–3,Atlético,0,3,0,90,76,96,137,166,233,109,106,136,150,215,286
Dom,Toluca,1–0,UNAM,1,0,1,332,212,216,283,544,499,294,206,204,301,500,505
Sáb,Guadalajara,2–2,Necaxa,2,2,-1,233,212,204,222,445,426,181,164,174,202,345,376
Sáb,América,2–1,Querétaro,2,1,1,363,310,198,246,673,444,215,184,206,294,399,500
Dom,Santos,1–0,Monterrey,1,0,1,321,220,214,297,541,511,354,254,181,257,608,438
Lun,Pachuca,0–1,Atlas,0,1,0,329,249,197,272,578,469,198,201,207,268,399,475
Mié,UANL,0–2,Cruz Azul,0,2,0,367,253,189,214,620,403,264,211,193,227,475,420
Jue,Atlético,1–0,Santos,1,0,1,109,106,136,150,215,286,321,220,214,297,541,511
Vie,Necaxa,1–1,Monterrey,1,1,-1,181,164,174,202,345,376,354,254,181,257,608,438
Vie,FC Juárez,1–0,Mazatlán,1,0,1,96,71,107,145,167,252,90,76,96,137,166,233
Dom,UNAM,0–1,León,0,1,0,294,206,204,301,500,505,332,240,225,278,572,503
Dom,Querétaro,1–1,Puebla,1,1,-1,215,184,206,294,399,500,242,188,242,271,430,513
Sáb,Cruz Azul,3–2,Toluca,3,2,1,264,211,193,227,475,420,332,212,216,283,544,499
Sáb,Atlas,3–0,América,3,0,1,198,201,207,268,399,475,363,310,198,246,673,444
Dom,UANL,3–2,Tijuana,3,2,1,367,253,189,214,620,403,247,160,200,308,407,508
Lun,Pachuca,1–1,Guadalajara,1,1,-1,329,249,197,272,578,469,233,212,204,222,445,426
Jue,Atlético,2–2,UANL,2,2,-1,109,106,136,150,215,286,367,253,189,214,620,403
Sáb,Toluca,0–0,Atlas,0,0,-1,332,212,216,283,544,499,198,201,207,268,399,475
Vie,Puebla,1–0,Necaxa,1,0,1,242,188,242,271,430,513,181,164,174,202,345,376
Vie,Mazatlán,3–0,Querétaro,3,0,1,90,76,96,137,166,233,215,184,206,294,399,500
Dom,Monterrey,1–1,Tijuana,1,1,-1,354,254,181,257,608,438,247,160,200,308,407,508
Sáb,América,2–0,Pachuca,2,0,1,363,310,198,246,673,444,329,249,197,272,578,469
Sáb,León,0–1,Cruz Azul,0,1,0,332,240,225,278,572,503,264,211,193,227,475,420
Dom,Santos,3–2,FC Juárez,3,2,1,321,220,214,297,541,511,96,71,107,145,167,252
Dom,Guadalajara,2–1,UNAM,2,1,1,233,212,204,222,445,426,294,206,204,301,500,505
Mar,Atlas,3–1,Atlético,3,1,1,198,201,207,268,399,475,109,106,136,150,215,286
Mar,UANL,0–1,Toluca,0,1,0,367,253,189,214,620,403,332,212,216,283,544,499
Mar,León,1–2,Puebla,1,2,0,332,240,225,278,572,503,242,188,242,271,430,513
Mié,FC Juárez,1–6,Monterrey,1,6,0,96,71,107,145,167,252,354,254,181,257,608,438
Mié,Querétaro,2–2,Guadalajara,2,2,-1,215,184,206,294,399,500,233,212,204,222,445,426
Mié,Tijuana,0–2,América,0,2,0,247,160,200,308,407,508,363,310,198,246,673,444
Mié,Cruz Azul,1–0,Mazatlán,1,0,1,264,211,193,227,475,420,90,76,96,137,166,233
Jue,Necaxa,2–2,Pachuca,2,2,-1,181,164,174,202,345,376,329,249,197,272,578,469
Jue,UNAM,1–0,Santos,1,0,1,294,206,204,301,500,505,321,220,214,297,541,511
Sáb,Atlas,2–0,FC Juárez,2,0,1,198,201,207,268,399,475,96,71,107,145,167,252
Vie,Atlético,0–0,Toluca,0,0,-1,109,106,136,150,215,286,332,212,216,283,544,499
Vie,Puebla,1–1,UANL,1,1,-1,242,188,242,271,430,513,367,253,189,214,620,403
Sáb,América,2–1,León,2,1,1,363,310,198,246,673,444,332,240,225,278,572,503
Sáb,Monterrey,2–1,Querétaro,2,1,1,354,254,181,257,608,438,215,184,206,294,399,500
Sáb,Mazatlán,1–1,Guadalajara,1,1,-1,90,76,96,137,166,233,233,212,204,222,445,426
Dom,Santos,3–1,Necaxa,3,1,1,321,220,214,297,541,511,181,164,174,202,345,376
Dom,UNAM,0–1,Cruz Azul,0,1,0,294,206,204,301,500,505,264,211,193,227,475,420
Lun,Pachuca,2–1,Tijuana,2,1,1,329,249,197,272,578,469,247,160,200,308,407,508
Mié,Monterrey,1–1,León,1,1,-1,354,254,181,257,608,438,332,240,225,278,572,503
Vie,Puebla,0–1,Atlas,0,1,0,242,188,242,271,430,513,198,201,207,268,399,475
Vie,FC Juárez,1–1,UNAM,1,1,-1,96,71,107,145,167,252,294,206,204,301,500,505
Dom,Toluca,0–2,Pachuca,0,2,0,332,212,216,283,544,499,329,249,197,272,578,469
Sáb,UANL,1–2,Mazatlán,1,2,0,367,253,189,214,620,403,90,76,96,137,166,233
Sáb,Tijuana,0–1,Santos,0,1,0,247,160,200,308,407,508,321,220,214,297,541,511
Sáb,Cruz Azul,1–0,Monterrey,1,0,1,264,211,193,227,475,420,354,254,181,257,608,438
Dom,Querétaro,2–1,Atlético,2,1,1,215,184,206,294,399,500,109,106,136,150,215,286
Dom,Guadalajara,0–3,América,0,3,0,233,212,204,222,445,426,363,310,198,246,673,444
Lun,León,3–1,Necaxa,3,1,1,332,240,225,278,572,503,181,164,174,202,345,376
Jue,Pachuca,1–0,UANL,1,0,1,329,249,197,272,578,469,367,253,189,214,620,403
Sáb,Atlético,0–1,UNAM,0,1,0,109,106,136,150,215,286,294,206,204,301,500,505
Vie,Necaxa,1–0,FC Juárez,1,0,1,181,164,174,202,345,376,96,71,107,145,167,252
Vie,Mazatlán,0–1,América,0,1,0,90,76,96,137,166,233,363,310,198,246,673,444
Dom,Toluca,4–4,Puebla,4,4,-1,332,212,216,283,544,499,242,188,242,271,430,513
Sáb,Cruz Azul,3–2,Atlas,3,2,1,264,211,193,227,475,420,198,201,207,268,399,475
Sáb,Tijuana,3–1,Querétaro,3,1,1,247,160,200,308,407,508,215,184,206,294,399,500
Dom,Santos,1–2,León,1,2,0,321,220,214,297,541,511,332,240,225,278,572,503
Sáb,Atlas,1–0,Tijuana,1,0,1,198,201,207,268,399,475,247,160,200,308,407,508
Vie,Puebla,3–1,Mazatlán,3,1,1,242,188,242,271,430,513,90,76,96,137,166,233
Vie,FC Juárez,0–1,Cruz Azul,0,1,0,96,71,107,145,167,252,264,211,193,227,475,420
Dom,UNAM,2–2,Pachuca,2,2,-1,294,206,204,301,500,505,329,249,197,272,578,469
Dom,Guadalajara,1–1,Santos,1,1,-1,233,212,204,222,445,426,321,220,214,297,541,511
Sáb,América,2–1,Necaxa,2,1,1,363,310,198,246,673,444,181,164,174,202,345,376
Sáb,Monterrey,2–0,Atlético,2,0,1,354,254,181,257,608,438,109,106,136,150,215,286
Dom,Querétaro,0–1,UANL,0,1,0,215,184,206,294,399,500,367,253,189,214,620,403
Dom,León,2–1,Toluca,2,1,1,332,240,225,278,572,503,332,212,216,283,544,499
Sáb,Atlas,1–3,León,1,3,0,198,201,207,268,399,475,332,240,225,278,572,503
Vie,Necaxa,0–1,UNAM,0,1,0,181,164,174,202,345,376,294,206,204,301,500,505
Vie,FC Juárez,2–1,Atlético,2,1,1,96,71,107,145,167,252,109,106,136,150,215,286
Dom,Toluca,1–2,Monterrey,1,2,0,332,212,216,283,544,499,354,254,181,257,608,438
Sáb,Cruz Azul,1–0,Guadalajara,1,0,1,264,211,193,227,475,420,233,212,204,222,445,426
Sáb,UANL,1–3,América,1,3,0,367,253,189,214,620,403,363,310,198,246,673,444
Dom,Querétaro,1–0,Santos,1,0,1,215,184,206,294,399,500,321,220,214,297,541,511
Dom,Tijuana,2–3,Mazatlán,2,3,0,247,160,200,308,407,508,90,76,96,137,166,233
Lun,Pachuca,1–3,Puebla,1,3,0,329,249,197,272,578,469,242,188,242,271,430,513
Mié,FC Juárez,2–3,UANL,2,3,0,96,71,107,145,167,252,367,253,189,214,620,403
Sáb,Atlético,1–4,Puebla,1,4,0,109,106,136,150,215,286,242,188,242,271,430,513
Vie,Necaxa,0–0,Querétaro,0,0,-1,181,164,174,202,345,376,215,184,206,294,399,500
Vie,Mazatlán,0–0,Atlas,0,0,-1,90,76,96,137,166,233,198,201,207,268,399,475
Dom,UNAM,0–0,UANL,0,0,-1,294,206,204,301,500,505,367,253,189,214,620,403
Sáb,Guadalajara,2–0,Tijuana,2,0,1,233,212,204,222,445,426,247,160,200,308,407,508
Sáb,América,1–1,Cruz Azul,1,1,-1,363,310,198,246,673,444,264,211,193,227,475,420
Dom,Santos,3–1,Toluca,3,1,1,321,220,214,297,541,511,332,212,216,283,544,499
Dom,Monterrey,0–1,Pachuca,0,1,0,354,254,181,257,608,438,329,249,197,272,578,469
Lun,León,2–0,FC Juárez,2,0,1,332,240,225,278,572,503,96,71,107,145,167,252
Mié,Monterrey,1–2,Guadalajara,1,2,0,354,254,181,257,608,438,233,212,204,222,445,426
Sáb,Cruz Azul,3–2,Atlético,3,2,1,264,211,193,227,475,420,109,106,136,150,215,286
Vie,Tijuana,1–0,Necaxa,1,0,1,247,160,200,308,407,508,181,164,174,202,345,376
Vie,Puebla,0–0,UNAM,0,0,-1,242,188,242,271,430,513,294,206,204,301,500,505
Vie,Mazatlán,4–3,León,4,3,1,90,76,96,137,166,233,332,240,225,278,572,503
Dom,Toluca,3–1,América,3,1,1,332,212,216,283,544,499,363,310,198,246,673,444
Sáb,Atlas,0–1,Guadalajara,0,1,0,198,201,207,268,399,475,233,212,204,222,445,426
Sáb,UANL,2–1,Monterrey,2,1,1,367,253,189,214,620,403,354,254,181,257,608,438
Dom,Querétaro,1–0,FC Juárez,1,0,1,215,184,206,294,399,500,96,71,107,145,167,252
Lun,Pachuca,1–0,Santos,1,0,1,329,249,197,272,578,469,321,220,214,297,541,511
Jue,Atlético,1–5,Pachuca,1,5,0,109,106,136,150,215,286,329,249,197,272,578,469
Sáb,Guadalajara,0–0,UANL,0,0,-1,233,212,204,222,445,426,367,253,189,214,620,403
Sáb,León,2–1,Querétaro,2,1,1,332,240,225,278,572,503,215,184,206,294,399,500
Vie,Necaxa,1–5,Atlas,1,5,0,181,164,174,202,345,376,198,201,207,268,399,475
Vie,FC Juárez,1–0,Toluca,1,0,1,96,71,107,145,167,252,332,212,216,283,544,499
Sáb,Cruz Azul,1–1,Tijuana,1,1,-1,264,211,193,227,475,420,247,160,200,308,407,508
Sáb,Monterrey,1–0,Mazatlán,1,0,1,354,254,181,257,608,438,90,76,96,137,166,233
Dom,Santos,0–0,Puebla,0,0,-1,321,220,214,297,541,511,242,188,242,271,430,513
Dom,UNAM,0–1,América,0,1,0,294,206,204,301,500,505,363,310,198,246,673,444
Sáb,Atlas,1–0,UANL,1,0,1,198,201,207,268,399,475,367,253,189,214,620,403
Sáb,Santos,5–0,Querétaro,5,0,1,321,220,214,297,541,511,215,184,206,294,399,500
Dom,León,2–2,Toluca,2,2,-1,332,240,225,278,572,503,332,212,216,283,544,499
Dom,Pachuca,4–2,Guadalajara,4,2,1,329,249,197,272,578,469,233,212,204,222,445,426
Mié,Toluca,2–1,Cruz Azul,2,1,1,332,212,216,283,544,499,264,211,193,227,475,420
Mié,Atlas,1–0,Puebla,1,0,1,198,201,207,268,399,475,242,188,242,271,430,513
Jue,Pachuca,3–1,América,3,1,1,329,249,197,272,578,469,363,310,198,246,673,444
Jue,Santos,2–1,Monterrey,2,1,1,321,220,214,297,541,511,354,254,181,257,608,438
Sáb,Puebla,1–0,Atlas,1,0,1,242,188,242,271,430,513,198,201,207,268,399,475
Dom,Monterrey,1–1,Santos,1,1,-1,354,254,181,257,608,438,321,220,214,297,541,511
Sáb,Cruz Azul,3–1,Toluca,3,1,1,264,211,193,227,475,420,332,212,216,283,544,499
Dom,América,4–2,Pachuca,4,2,1,363,310,198,246,673,444,329,249,197,272,578,469
Mié,Pachuca,0–0,Cruz Azul,0,0,-1,329,249,197,272,578,469,264,211,193,227,475,420
Jue,Santos,3–0,Puebla,3,0,1,321,220,214,297,541,511,242,188,242,271,430,513
Sáb,Cruz Azul,1–0,Pachuca,1,0,1,264,211,193,227,475,420,329,249,197,272,578,469
Dom,Puebla,1–0,Santos,1,0,1,242,188,242,271,430,513,321,220,214,297,541,511
Jue,Santos,0–1,Cruz Azul,0,1,0,321,220,214,297,541,511,264,211,193,227,475,420
Dom,Cruz Azul,1–1,Santos,1,1,-1,264,211,193,227,475,420,321,220,214,297,541,511
Jue,Querétaro,0–0,América,0,0,-1,215,184,206,294,399,500,363,310,198,246,673,444
Sáb,Pachuca,4–0,León,4,0,1,329,249,197,272,578,469,332,240,225,278,572,503
Vie,Necaxa,0–3,Santos,0,3,0,181,164,174,202,345,376,321,220,214,297,541,511
Vie,FC Juárez,1–3,Toluca,1,3,0,96,71,107,145,167,252,332,212,216,283,544,499
Dom,UNAM,0–0,Atlas,0,0,-1,294,206,204,301,500,505,198,201,207,268,399,475
Sáb,Guadalajara,1–2,Atlético,1,2,0,233,212,204,222,445,426,109,106,136,150,215,286
Dom,Monterrey,1–1,Puebla,1,1,-1,354,254,181,257,608,438,242,188,242,271,430,513
Dom,Tijuana,1–2,UANL,1,2,0,247,160,200,308,407,508,367,253,189,214,620,403
Lun,Cruz Azul,0–2,Mazatlán,0,2,0,264,211,193,227,475,420,90,76,96,137,166,233
Sáb,León,2–1,Tijuana,2,1,1,332,240,225,278,572,503,247,160,200,308,407,508
Vie,Mazatlán,2–1,Pachuca,2,1,1,90,76,96,137,166,233,329,249,197,272,578,469
Vie,Puebla,0–2,Guadalajara,0,2,0,242,188,242,271,430,513,233,212,204,222,445,426
Dom,Toluca,3–1,UANL,3,1,1,332,212,216,283,544,499,367,253,189,214,620,403
Dom,Santos,1–1,Cruz Azul,1,1,-1,321,220,214,297,541,511,264,211,193,227,475,420
Sáb,América,2–1,Necaxa,2,1,1,363,310,198,246,673,444,181,164,174,202,345,376
Sáb,Monterrey,2–0,UNAM,2,0,1,354,254,181,257,608,438,294,206,204,301,500,505
Sáb,Atlas,2–0,FC Juárez,2,0,1,198,201,207,268,399,475,96,71,107,145,167,252
Lun,Atlético,1–1,Querétaro,1,1,-1,109,106,136,150,215,286,215,184,206,294,399,500
Jue,Querétaro,0–1,León,0,1,0,215,184,206,294,399,500,332,240,225,278,572,503
Sáb,Guadalajara,2–2,FC Juárez,2,2,-1,233,212,204,222,445,426,96,71,107,145,167,252
Vie,Mazatlán,1–1,Monterrey,1,1,-1,90,76,96,137,166,233,354,254,181,257,608,438
Vie,Tijuana,0–2,Toluca,0,2,0,247,160,200,308,407,508,332,212,216,283,544,499
Vie,Necaxa,1–2,Cruz Azul,1,2,0,181,164,174,202,345,376,264,211,193,227,475,420
Dom,UNAM,1–3,Atlético,1,3,0,294,206,204,301,500,505,109,106,136,150,215,286
Sáb,América,2–0,Puebla,2,0,1,363,310,198,246,673,444,242,188,242,271,430,513
Sáb,UANL,1–1,Santos,1,1,-1,367,253,189,214,620,403,321,220,214,297,541,511
Lun,Pachuca,0–1,Atlas,0,1,0,329,249,197,272,578,469,198,201,207,268,399,475
Jue,Atlético,0–2,Necaxa,0,2,0,109,106,136,150,215,286,181,164,174,202,345,376
Sáb,UNAM,0–0,Querétaro,0,0,-1,294,206,204,301,500,505,215,184,206,294,399,500
Vie,Puebla,1–1,UANL,1,1,-1,242,188,242,271,430,513,367,253,189,214,620,403
Vie,FC Juárez,1–1,Tijuana,1,1,-1,96,71,107,145,167,252,247,160,200,308,407,508
Dom,Atlas,0–1,América,0,1,0,198,201,207,268,399,475,363,310,198,246,673,444
Sáb,León,3–0,Mazatlán,3,0,1,332,240,225,278,572,503,90,76,96,137,166,233
Sáb,Cruz Azul,4–0,Toluca,4,0,1,264,211,193,227,475,420,332,212,216,283,544,499
Sáb,Monterrey,3–1,Pachuca,3,1,1,354,254,181,257,608,438,329,249,197,272,578,469
Dom,Santos,0–0,Guadalajara,0,0,-1,321,220,214,297,541,511,233,212,204,222,445,426
Mar,Toluca,2–2,Mazatlán,2,2,-1,332,212,216,283,544,499,90,76,96,137,166,233
Mar,UANL,3–0,Querétaro,3,0,1,367,253,189,214,620,403,215,184,206,294,399,500
Mar,Tijuana,1–1,Puebla,1,1,-1,247,160,200,308,407,508,242,188,242,271,430,513
Mar,Necaxa,3–0,UNAM,3,0,1,181,164,174,202,345,376,294,206,204,301,500,505
Mié,Santos,1–1,Atlas,1,1,-1,321,220,214,297,541,511,198,201,207,268,399,475
Mié,Cruz Azul,1–1,Monterrey,1,1,-1,264,211,193,227,475,420,354,254,181,257,608,438
Mié,FC Juárez,1–2,América,1,2,0,96,71,107,145,167,252,363,310,198,246,673,444
Mié,Guadalajara,0–3,León,0,3,0,233,212,204,222,445,426,332,240,225,278,572,503
Sáb,Atlas,0–0,Toluca,0,0,-1,198,201,207,268,399,475,332,212,216,283,544,499
Vie,Mazatlán,0–3,UANL,0,3,0,90,76,96,137,166,233,367,253,189,214,620,403
Dom,UNAM,2–0,Puebla,2,0,1,294,206,204,301,500,505,242,188,242,271,430,513
Dom,América,2–0,Tijuana,2,0,1,363,310,198,246,673,444,247,160,200,308,407,508
Sáb,León,1–1,Santos,1,1,-1,332,240,225,278,572,503,321,220,214,297,541,511
Sáb,Atlético,0–0,Cruz Azul,0,0,-1,109,106,136,150,215,286,264,211,193,227,475,420
Sáb,Monterrey,0–0,Guadalajara,0,0,-1,354,254,181,257,608,438,233,212,204,222,445,426
Dom,Necaxa,1–0,FC Juárez,1,0,1,181,164,174,202,345,376,96,71,107,145,167,252
Dom,Querétaro,0–2,Pachuca,0,2,0,215,184,206,294,399,500,329,249,197,272,578,469
Sáb,Guadalajara,2–1,Necaxa,2,1,1,233,212,204,222,445,426,181,164,174,202,345,376
Vie,Mazatlán,2–2,Atlético,2,2,-1,90,76,96,137,166,233,109,106,136,150,215,286
Vie,Tijuana,2–2,Monterrey,2,2,-1,247,160,200,308,407,508,354,254,181,257,608,438
Vie,Puebla,1–0,Querétaro,1,0,1,242,188,242,271,430,513,215,184,206,294,399,500
Dom,Toluca,2–1,UNAM,2,1,1,332,212,216,283,544,499,294,206,204,301,500,505
Dom,Santos,2–0,FC Juárez,2,0,1,321,220,214,297,541,511,96,71,107,145,167,252
Sáb,UANL,1–1,Atlas,1,1,-1,367,253,189,214,620,403,198,201,207,268,399,475
Sáb,León,1–1,América,1,1,-1,332,240,225,278,572,503,363,310,198,246,673,444
Dom,Cruz Azul,1–1,Pachuca,1,1,-1,264,211,193,227,475,420,329,249,197,272,578,469
Sáb,Atlas,2–1,Monterrey,2,1,1,198,201,207,268,399,475,354,254,181,257,608,438
Vie,Puebla,2–2,Atlético,2,2,-1,242,188,242,271,430,513,109,106,136,150,215,286
Vie,Tijuana,2–1,Santos,2,1,1,247,160,200,308,407,508,321,220,214,297,541,511
Vie,FC Juárez,2–1,Cruz Azul,2,1,1,96,71,107,145,167,252,264,211,193,227,475,420
Dom,UNAM,0–0,Guadalajara,0,0,-1,294,206,204,301,500,505,233,212,204,222,445,426
Sáb,UANL,2–2,León,2,2,-1,367,253,189,214,620,403,332,240,225,278,572,503
Sáb,América,2–0,Mazatlán,2,0,1,363,310,198,246,673,444,90,76,96,137,166,233
Dom,Querétaro,3–0,Necaxa,3,0,1,215,184,206,294,399,500,181,164,174,202,345,376
Lun,Pachuca,1–2,Toluca,1,2,0,329,249,197,272,578,469,332,212,216,283,544,499
Jue,Atlético,4–1,Tijuana,4,1,1,109,106,136,150,215,286,247,160,200,308,407,508
Sáb,León,0–1,FC Juárez,0,1,0,332,240,225,278,572,503,96,71,107,145,167,252
Vie,Necaxa,0–3,Atlas,0,3,0,181,164,174,202,345,376,198,201,207,268,399,475
Sáb,Toluca,3–1,América,3,1,1,332,212,216,283,544,499,363,310,198,246,673,444
Sáb,Mazatlán,2–2,UNAM,2,2,-1,90,76,96,137,166,233,294,206,204,301,500,505
Sáb,Guadalajara,1–0,Pachuca,1,0,1,233,212,204,222,445,426,329,249,197,272,578,469
Dom,Cruz Azul,2–0,Querétaro,2,0,1,264,211,193,227,475,420,215,184,206,294,399,500
Dom,Monterrey,2–0,UANL,2,0,1,354,254,181,257,608,438,367,253,189,214,620,403
Dom,Santos,1–1,Puebla,1,1,-1,321,220,214,297,541,511,242,188,242,271,430,513
Mar,FC Juárez,1–0,Atlético,1,0,1,96,71,107,145,167,252,109,106,136,150,215,286
Mié,Monterrey,2–0,Toluca,2,0,1,354,254,181,257,608,438,332,212,216,283,544,499
Jue,Pachuca,1–0,Necaxa,1,0,1,329,249,197,272,578,469,181,164,174,202,345,376
Sáb,Atlas,2–0,León,2,0,1,198,201,207,268,399,475,332,240,225,278,572,503
Vie,Tijuana,0–0,Mazatlán,0,0,-1,247,160,200,308,407,508,90,76,96,137,166,233
Vie,Puebla,1–1,Cruz Azul,1,1,-1,242,188,242,271,430,513,264,211,193,227,475,420
Dom,Toluca,1–2,Atlético,1,2,0,332,212,216,283,544,499,109,106,136,150,215,286
Sáb,UANL,0–0,UNAM,0,0,-1,367,253,189,214,620,403,294,206,204,301,500,505
Sáb,América,0–0,Guadalajara,0,0,-1,363,310,198,246,673,444,233,212,204,222,445,426
Dom,Santos,1–2,Monterrey,1,2,0,321,220,214,297,541,511,354,254,181,257,608,438
Mar,Necaxa,3–0,Tijuana,3,0,1,181,164,174,202,345,376,247,160,200,308,407,508
Mié,Atlético,0–3,UANL,0,3,0,109,106,136,150,215,286,367,253,189,214,620,403
Mar,Mazatlán,3–1,FC Juárez,3,1,1,90,76,96,137,166,233,96,71,107,145,167,252
Mar,Atlas,0–1,Puebla,0,1,0,198,201,207,268,399,475,242,188,242,271,430,513
Mar,Pachuca,1–1,América,1,1,-1,329,249,197,272,578,469,363,310,198,246,673,444
Mié,Querétaro,1–0,Guadalajara,1,0,1,215,184,206,294,399,500,233,212,204,222,445,426
Sáb,León,0–0,Atlético,0,0,-1,332,240,225,278,572,503,109,106,136,150,215,286
Vie,Puebla,1–2,Pachuca,1,2,0,242,188,242,271,430,513,329,249,197,272,578,469
Vie,FC Juárez,3–1,Monterrey,3,1,1,96,71,107,145,167,252,354,254,181,257,608,438
Dom,Toluca,1–1,Querétaro,1,1,-1,332,212,216,283,544,499,215,184,206,294,399,500
Dom,América,2–0,UNAM,2,0,1,363,310,198,246,673,444,294,206,204,301,500,505
Sáb,Santos,1–0,Mazatlán,1,0,1,321,220,214,297,541,511,90,76,96,137,166,233
Sáb,Guadalajara,0–1,Atlas,0,1,0,233,212,204,222,445,426,198,201,207,268,399,475
Dom,UANL,0–0,Necaxa,0,0,-1,367,253,189,214,620,403,181,164,174,202,345,376
Dom,Tijuana,0–1,Cruz Azul,0,1,0,247,160,200,308,407,508,264,211,193,227,475,420
Vie,FC Juárez,0–0,Querétaro,0,0,-1,96,71,107,145,167,252,215,184,206,294,399,500
Jue,Querétaro,1–1,Tijuana,1,1,-1,215,184,206,294,399,500,247,160,200,308,407,508
Sáb,Monterrey,0–1,León,0,1,0,354,254,181,257,608,438,332,240,225,278,572,503
Vie,Necaxa,0–1,Puebla,0,1,0,181,164,174,202,345,376,242,188,242,271,430,513
Vie,Mazatlán,1–0,Atlas,1,0,1,90,76,96,137,166,233,198,201,207,268,399,475
Dom,UNAM,1–0,FC Juárez,1,0,1,294,206,204,301,500,505,96,71,107,145,167,252
Dom,Guadalajara,2–0,Toluca,2,0,1,233,212,204,222,445,426,332,212,216,283,544,499
Sáb,Atlético,0–1,América,0,1,0,109,106,136,150,215,286,363,310,198,246,673,444
Sáb,Pachuca,1–1,Santos,1,1,-1,329,249,197,272,578,469,321,220,214,297,541,511
Sáb,Cruz Azul,1–1,UANL,1,1,-1,264,211,193,227,475,420,367,253,189,214,620,403
Mar,Querétaro,1–0,Monterrey,1,0,1,215,184,206,294,399,500,354,254,181,257,608,438
Mar,Puebla,2–0,Mazatlán,2,0,1,242,188,242,271,430,513,90,76,96,137,166,233
Mar,América,2–1,Santos,2,1,1,363,310,198,246,673,444,321,220,214,297,541,511
Mar,Atlas,0–0,Cruz Azul,0,0,-1,198,201,207,268,399,475,264,211,193,227,475,420
Mié,León,1–2,UNAM,1,2,0,332,240,225,278,572,503,294,206,204,301,500,505
Mié,Toluca,1–1,Necaxa,1,1,-1,332,212,216,283,544,499,181,164,174,202,345,376
Mié,Tijuana,0–0,Guadalajara,0,0,-1,247,160,200,308,407,508,233,212,204,222,445,426
Mié,UANL,3–0,Pachuca,3,0,1,367,253,189,214,620,403,329,249,197,272,578,469
Sáb,Puebla,0–1,León,0,1,0,242,188,242,271,430,513,332,240,225,278,572,503
Sáb,Monterrey,0–1,Necaxa,0,1,0,354,254,181,257,608,438,181,164,174,202,345,376
Vie,Mazatlán,2–1,Querétaro,2,1,1,90,76,96,137,166,233,215,184,206,294,399,500
Dom,UNAM,3–1,Tijuana,3,1,1,294,206,204,301,500,505,247,160,200,308,407,508
Sáb,América,1–0,UANL,1,0,1,363,310,198,246,673,444,367,253,189,214,620,403
Sáb,Guadalajara,1–1,Cruz Azul,1,1,-1,233,212,204,222,445,426,264,211,193,227,475,420
Dom,Atlético,2–6,Atlas,2,6,0,109,106,136,150,215,286,198,201,207,268,399,475
Dom,Santos,2–2,Toluca,2,2,-1,321,220,214,297,541,511,332,212,216,283,544,499
Dom,Pachuca,1–1,FC Juárez,1,1,-1,329,249,197,272,578,469,96,71,107,145,167,252
Jue,Atlas,0–2,Tijuana,0,2,0,198,201,207,268,399,475,247,160,200,308,407,508
Sáb,Querétaro,2–3,Santos,2,3,0,215,184,206,294,399,500,321,220,214,297,541,511
Vie,Necaxa,2–1,Mazatlán,2,1,1,181,164,174,202,345,376,90,76,96,137,166,233
Vie,FC Juárez,0–2,Puebla,0,2,0,96,71,107,145,167,252,242,188,242,271,430,513
Dom,Toluca,0–0,León,0,0,-1,332,212,216,283,544,499,332,240,225,278,572,503
Dom,Cruz Azul,2–1,América,2,1,1,264,211,193,227,475,420,363,310,198,246,673,444
Sáb,Pachuca,1–1,UNAM,1,1,-1,329,249,197,272,578,469,294,206,204,301,500,505
Sáb,UANL,2–1,Guadalajara,2,1,1,367,253,189,214,620,403,233,212,204,222,445,426
Dom,Atlético,1–1,Monterrey,1,1,-1,109,106,136,150,215,286,354,254,181,257,608,438
Mié,Pachuca,0–0,Atlético,0,0,-1,329,249,197,272,578,469,109,106,136,150,215,286
Mié,Cruz Azul,0–1,León,0,1,0,264,211,193,227,475,420,332,240,225,278,572,503
Jue,UNAM,0–3,Santos,0,3,0,294,206,204,301,500,505,321,220,214,297,541,511
Jue,Atlas,2–0,Querétaro,2,0,1,198,201,207,268,399,475,215,184,206,294,399,500
Sáb,León,3–0,Necaxa,3,0,1,332,240,225,278,572,503,181,164,174,202,345,376
Vie,Puebla,1–0,Toluca,1,0,1,242,188,242,271,430,513,332,212,216,283,544,499
Vie,Mazatlán,0–1,Guadalajara,0,1,0,90,76,96,137,166,233,233,212,204,222,445,426
Dom,UNAM,4–3,Cruz Azul,4,3,1,294,206,204,301,500,505,264,211,193,227,475,420
Sáb,América,0–0,Monterrey,0,0,-1,363,310,198,246,673,444,354,254,181,257,608,438
Sáb,Tijuana,3–2,Pachuca,3,2,1,247,160,200,308,407,508,329,249,197,272,578,469
Sáb,UANL,3–0,FC Juárez,3,0,1,367,253,189,214,620,403,96,71,107,145,167,252
Dom,Santos,0–0,Atlético,0,0,-1,321,220,214,297,541,511,109,106,136,150,215,286
Dom,Toluca,1–2,UNAM,1,2,0,332,212,216,283,544,499,294,206,204,301,500,505
Sáb,Santos,2–0,Atlético,2,0,1,321,220,214,297,541,511,109,106,136,150,215,286
Sáb,Puebla,2–2,Guadalajara,2,2,-1,242,188,242,271,430,513,233,212,204,222,445,426
Dom,Cruz Azul,1–4,Monterrey,1,4,0,264,211,193,227,475,420,354,254,181,257,608,438
Mié,UNAM,0–0,América,0,0,-1,294,206,204,301,500,505,363,310,198,246,673,444
Mié,Monterrey,0–0,Atlas,0,0,-1,354,254,181,257,608,438,198,201,207,268,399,475
Jue,Puebla,2–1,León,2,1,1,242,188,242,271,430,513,332,240,225,278,572,503
Jue,Santos,2–1,UANL,2,1,1,321,220,214,297,541,511,367,253,189,214,620,403
Sáb,América,1–3,UNAM,1,3,0,363,310,198,246,673,444,294,206,204,301,500,505
Sáb,Atlas,1–1,Monterrey,1,1,-1,198,201,207,268,399,475,354,254,181,257,608,438
Dom,UANL,1–0,Santos,1,0,1,367,253,189,214,620,403,321,220,214,297,541,511
Dom,León,2–0,Puebla,2,0,1,332,240,225,278,572,503,242,188,242,271,430,513
Mié,UANL,2–1,León,2,1,1,367,253,189,214,620,403,332,240,225,278,572,503
Jue,UNAM,0–1,Atlas,0,1,0,294,206,204,301,500,505,198,201,207,268,399,475
Sáb,León,2–1,UANL,2,1,1,332,240,225,278,572,503,367,253,189,214,620,403
Dom,Atlas,0–1,UNAM,0,1,0,198,201,207,268,399,475,294,206,204,301,500,505
Jue,León,3–2,Atlas,3,2,1,332,240,225,278,572,503,198,201,207,268,399,475
Dom,Atlas,1–0,León,1,0,1,198,201,207,268,399,475,332,240,225,278,572,503
Jue,Atlético,0–2,Pachuca,0,2,0,109,106,136,150,215,286,329,249,197,272,578,469
Vie,FC Juárez,2–1,Necaxa,2,1,1,96,71,107,145,167,252,181,164,174,202,345,376
Vie,Puebla,1–1,América,1,1,-1,242,188,242,271,430,513,363,310,198,246,673,444
Sáb,Monterrey,0–0,Querétaro,0,0,-1,354,254,181,257,608,438,215,184,206,294,399,500
Sáb,Cruz Azul,2–0,Tijuana,2,0,1,264,211,193,227,475,420,247,160,200,308,407,508
Dom,Guadalajara,3–0,Mazatlán,3,0,1,233,212,204,222,445,426,90,76,96,137,166,233
Lun,UNAM,5–0,Toluca,5,0,1,294,206,204,301,500,505,332,212,216,283,544,499
Mié,Santos,1–1,UANL,1,1,-1,321,220,214,297,541,511,367,253,189,214,620,403
Sáb,Atlas,1–0,Atlético,1,0,1,198,201,207,268,399,475,109,106,136,150,215,286
Vie,Querétaro,1–3,UNAM,1,3,0,215,184,206,294,399,500,294,206,204,301,500,505
Vie,Necaxa,0–4,Monterrey,0,4,0,181,164,174,202,345,376,354,254,181,257,608,438
Dom,Toluca,3–1,Santos,3,1,1,332,212,216,283,544,499,321,220,214,297,541,511
Dom,Pachuca,2–1,Guadalajara,2,1,1,329,249,197,272,578,469,233,212,204,222,445,426
Sáb,UANL,0–2,Puebla,0,2,0,367,253,189,214,620,403,242,188,242,271,430,513
Sáb,Tijuana,1–1,León,1,1,-1,247,160,200,308,407,508,332,240,225,278,572,503
Sáb,Cruz Azul,1–0,FC Juárez,1,0,1,264,211,193,227,475,420,96,71,107,145,167,252
Mié,León,1–1,Atlas,1,1,-1,332,240,225,278,572,503,198,201,207,268,399,475
Jue,Atlético,0–1,FC Juárez,0,1,0,109,106,136,150,215,286,96,71,107,145,167,252
Sáb,Guadalajara,1–1,Querétaro,1,1,-1,233,212,204,222,445,426,215,184,206,294,399,500
Vie,Mazatlán,1–2,Toluca,1,2,0,90,76,96,137,166,233,332,212,216,283,544,499
Dom,UNAM,1–2,UANL,1,2,0,294,206,204,301,500,505,367,253,189,214,620,403
Sáb,León,2–1,Pachuca,2,1,1,332,240,225,278,572,503,329,249,197,272,578,469
Sáb,América,0–2,Atlas,0,2,0,363,310,198,246,673,444,198,201,207,268,399,475
Sáb,Monterrey,2–2,Cruz Azul,2,2,-1,354,254,181,257,608,438,264,211,193,227,475,420
Dom,Santos,1–4,Necaxa,1,4,0,321,220,214,297,541,511,181,164,174,202,345,376
Vie,Puebla,3–1,Tijuana,3,1,1,242,188,242,271,430,513,247,160,200,308,407,508
Sáb,Necaxa,1–3,Pachuca,1,3,0,181,164,174,202,345,376,329,249,197,272,578,469
Dom,Querétaro,0–2,Puebla,0,2,0,215,184,206,294,399,500,242,188,242,271,430,513
Sáb,América,2–3,Atlético,2,3,0,363,310,198,246,673,444,109,106,136,150,215,286
Sáb,Tijuana,1–0,UNAM,1,0,1,247,160,200,308,407,508,294,206,204,301,500,505
Dom,Atlas,2–1,Santos,2,1,1,198,201,207,268,399,475,321,220,214,297,541,511
Dom,UANL,4–3,Mazatlán,4,3,1,367,253,189,214,620,403,90,76,96,137,166,233
Lun,León,0–1,Cruz Azul,0,1,0,332,240,225,278,572,503,264,211,193,227,475,420
Mié,FC Juárez,1–3,Guadalajara,1,3,0,96,71,107,145,167,252,233,212,204,222,445,426
Sáb,Guadalajara,1–3,UANL,1,3,0,233,212,204,222,445,426,367,253,189,214,620,403
Sáb,Atlético,0–1,Toluca,0,1,0,109,106,136,150,215,286,332,212,216,283,544,499
Vie,Mazatlán,2–0,Tijuana,2,0,1,90,76,96,137,166,233,247,160,200,308,407,508
Vie,Puebla,1–1,Atlas,1,1,-1,242,188,242,271,430,513,198,201,207,268,399,475
Dom,UNAM,2–1,León,2,1,1,294,206,204,301,500,505,332,240,225,278,572,503
Sáb,Cruz Azul,1–2,Necaxa,1,2,0,264,211,193,227,475,420,181,164,174,202,345,376
Sáb,Santos,2–3,América,2,3,0,321,220,214,297,541,511,363,310,198,246,673,444
Lun,Pachuca,2–2,Querétaro,2,2,-1,329,249,197,272,578,469,215,184,206,294,399,500
Mié,Mazatlán,2–1,América,2,1,1,90,76,96,137,166,233,363,310,198,246,673,444
Sáb,Querétaro,2–0,Mazatlán,2,0,1,215,184,206,294,399,500,90,76,96,137,166,233
Vie,Puebla,1–0,Monterrey,1,0,1,242,188,242,271,430,513,354,254,181,257,608,438
Vie,Tijuana,1–1,Necaxa,1,1,-1,247,160,200,308,407,508,181,164,174,202,345,376
Vie,FC Juárez,0–0,Santos,0,0,-1,96,71,107,145,167,252,321,220,214,297,541,511
Dom,América,1–3,Pachuca,1,3,0,363,310,198,246,673,444,329,249,197,272,578,469
Sáb,UANL,2–1,Atlético,2,1,1,367,253,189,214,620,403,109,106,136,150,215,286
Sáb,León,2–1,Guadalajara,2,1,1,332,240,225,278,572,503,233,212,204,222,445,426
Dom,Toluca,1–4,Cruz Azul,1,4,0,332,212,216,283,544,499,264,211,193,227,475,420
Dom,Atlas,0–0,UNAM,0,0,-1,198,201,207,268,399,475,294,206,204,301,500,505
Jue,Pachuca,3–1,Mazatlán,3,1,1,329,249,197,272,578,469,90,76,96,137,166,233
Jue,Querétaro,1–1,Toluca,1,1,-1,215,184,206,294,399,500,332,212,216,283,544,499
Sáb,Monterrey,0–2,Atlético,0,2,0,354,254,181,257,608,438,109,106,136,150,215,286
Vie,Necaxa,0–1,León,0,1,0,181,164,174,202,345,376,332,240,225,278,572,503
Vie,Tijuana,2–0,Atlas,2,0,1,247,160,200,308,407,508,198,201,207,268,399,475
Vie,FC Juárez,2–3,UANL,2,3,0,96,71,107,145,167,252,367,253,189,214,620,403
Sáb,Guadalajara,2–3,Puebla,2,3,0,233,212,204,222,445,426,242,188,242,271,430,513
Sáb,UNAM,0–0,América,0,0,-1,294,206,204,301,500,505,363,310,198,246,673,444
Dom,Cruz Azul,1–2,Santos,1,2,0,264,211,193,227,475,420,321,220,214,297,541,511
Mar,Puebla,1–1,FC Juárez,1,1,-1,242,188,242,271,430,513,96,71,107,145,167,252
Mar,Toluca,1–2,Tijuana,1,2,0,332,212,216,283,544,499,247,160,200,308,407,508
Mar,Mazatlán,0–0,Necaxa,0,0,-1,90,76,96,137,166,233,181,164,174,202,345,376
Mar,América,1–1,Querétaro,1,1,-1,363,310,198,246,673,444,215,184,206,294,399,500
Mar,León,0–0,Monterrey,0,0,-1,332,240,225,278,572,503,354,254,181,257,608,438
Mié,Atlas,0–1,Pachuca,0,1,0,198,201,207,268,399,475,329,249,197,272,578,469
Mié,UANL,2–2,Cruz Azul,2,2,-1,367,253,189,214,620,403,264,211,193,227,475,420
Mié,Atlético,2–2,Guadalajara,2,2,-1,109,106,136,150,215,286,233,212,204,222,445,426
Mié,Santos,3–2,UNAM,3,2,1,321,220,214,297,541,511,294,206,204,301,500,505
Sáb,Querétaro,0–3,Atlas,0,3,0,215,184,206,294,399,500,198,201,207,268,399,475
Vie,Necaxa,0–1,Toluca,0,1,0,181,164,174,202,345,376,332,212,216,283,544,499
Vie,FC Juárez,0–1,León,0,1,0,96,71,107,145,167,252,332,240,225,278,572,503
Sáb,Monterrey,2–1,América,2,1,1,354,254,181,257,608,438,363,310,198,246,673,444
Sáb,Guadalajara,1–0,Santos,1,0,1,233,212,204,222,445,426,321,220,214,297,541,511
Sáb,Cruz Azul,1–3,Puebla,1,3,0,264,211,193,227,475,420,242,188,242,271,430,513
Sáb,León,0–3,UANL,0,3,0,332,240,225,278,572,503,367,253,189,214,620,403
Vie,Necaxa,1–0,Querétaro,1,0,1,181,164,174,202,345,376,215,184,206,294,399,500
Vie,FC Juárez,1–2,Atlas,1,2,0,96,71,107,145,167,252,198,201,207,268,399,475
Vie,Monterrey,2–1,Mazatlán,2,1,1,354,254,181,257,608,438,90,76,96,137,166,233
Dom,Toluca,0–3,Pachuca,0,3,0,332,212,216,283,544,499,329,249,197,272,578,469
Dom,Atlético,2–1,Puebla,2,1,1,109,106,136,150,215,286,242,188,242,271,430,513
Sáb,Cruz Azul,2–1,UNAM,2,1,1,264,211,193,227,475,420,294,206,204,301,500,505
Sáb,Guadalajara,0–0,América,0,0,-1,233,212,204,222,445,426,363,310,198,246,673,444
Dom,Santos,4–0,Tijuana,4,0,1,321,220,214,297,541,511,247,160,200,308,407,508
Mar,Monterrey,3–0,FC Juárez,3,0,1,354,254,181,257,608,438,96,71,107,145,167,252
Jue,Querétaro,2–1,Atlético,2,1,1,215,184,206,294,399,500,109,106,136,150,215,286
Sáb,UNAM,1–3,Necaxa,1,3,0,294,206,204,301,500,505,181,164,174,202,345,376
Vie,Puebla,2–2,Santos,2,2,-1,242,188,242,271,430,513,321,220,214,297,541,511
Dom,América,3–0,Toluca,3,0,1,363,310,198,246,673,444,332,212,216,283,544,499
Sáb,UANL,2–0,Monterrey,2,0,1,367,253,189,214,620,403,354,254,181,257,608,438
Sáb,Pachuca,1–0,Cruz Azul,1,0,1,329,249,197,272,578,469,264,211,193,227,475,420
Dom,Atlas,1–1,Guadalajara,1,1,-1,198,201,207,268,399,475,233,212,204,222,445,426
Dom,Mazatlán,1–2,León,1,2,0,90,76,96,137,166,233,332,240,225,278,572,503
Dom,Tijuana,1–0,FC Juárez,1,0,1,247,160,200,308,407,508,96,71,107,145,167,252
Sáb,UNAM,1–1,Mazatlán,1,1,-1,294,206,204,301,500,505,90,76,96,137,166,233
Sáb,Cruz Azul,1–0,Atlas,1,0,1,264,211,193,227,475,420,198,201,207,268,399,475
Vie,Atlético,1–0,Mazatlán,1,0,1,109,106,136,150,215,286,90,76,96,137,166,233
Dom,Toluca,2–1,Puebla,2,1,1,332,212,216,283,544,499,242,188,242,271,430,513
Dom,León,1–1,Querétaro,1,1,-1,332,240,225,278,572,503,215,184,206,294,399,500
Sáb,Necaxa,0–1,América,0,1,0,181,164,174,202,345,376,363,310,198,246,673,444
Sáb,FC Juárez,0–1,UNAM,0,1,0,96,71,107,145,167,252,294,206,204,301,500,505
Dom,UANL,2–0,Tijuana,2,0,1,367,253,189,214,620,403,247,160,200,308,407,508
Dom,Santos,3–1,Pachuca,3,1,1,321,220,214,297,541,511,329,249,197,272,578,469
Mié,Toluca,2–2,Monterrey,2,2,-1,332,212,216,283,544,499,354,254,181,257,608,438
Mié,Tijuana,1–1,Atlético,1,1,-1,247,160,200,308,407,508,109,106,136,150,215,286
Jue,Pachuca,2–1,UANL,2,1,1,329,249,197,272,578,469,367,253,189,214,620,403
Jue,Atlas,2–1,Necaxa,2,1,1,198,201,207,268,399,475,181,164,174,202,345,376
Sáb,Atlético,2–0,León,2,0,1,109,106,136,150,215,286,332,240,225,278,572,503
Vie,Puebla,2–2,UNAM,2,2,-1,242,188,242,271,430,513,294,206,204,301,500,505
Vie,Mazatlán,1–1,Cruz Azul,1,1,-1,90,76,96,137,166,233,264,211,193,227,475,420
Sáb,Toluca,1–1,Guadalajara,1,1,-1,332,212,216,283,544,499,233,212,204,222,445,426
Sáb,Monterrey,1–0,Santos,1,0,1,354,254,181,257,608,438,321,220,214,297,541,511
Sáb,América,3–0,FC Juárez,3,0,1,363,310,198,246,673,444,96,71,107,145,167,252
Dom,Querétaro,0–1,UANL,0,1,0,215,184,206,294,399,500,367,253,189,214,620,403
Lun,Pachuca,0–0,Tijuana,0,0,-1,329,249,197,272,578,469,247,160,200,308,407,508
Mié,Guadalajara,1–3,Monterrey,1,3,0,233,212,204,222,445,426,354,254,181,257,608,438
Jue,Atlas,1–2,Mazatlán,1,2,0,198,201,207,268,399,475,90,76,96,137,166,233
Sáb,León,0–1,Puebla,0,1,0,332,240,225,278,572,503,242,188,242,271,430,513
Vie,Necaxa,4–2,Atlético,4,2,1,181,164,174,202,345,376,109,106,136,150,215,286
Vie,Tijuana,1–3,América,1,3,0,247,160,200,308,407,508,363,310,198,246,673,444
Vie,FC Juárez,1–2,Pachuca,1,2,0,96,71,107,145,167,252,329,249,197,272,578,469
Dom,UNAM,2–0,Monterrey,2,0,1,294,206,204,301,500,505,354,254,181,257,608,438
Sáb,Santos,1–1,Querétaro,1,1,-1,321,220,214,297,541,511,215,184,206,294,399,500
Sáb,UANL,3–0,Toluca,3,0,1,367,253,189,214,620,403,332,212,216,283,544,499
Sáb,Cruz Azul,0–1,Guadalajara,0,1,0,264,211,193,227,475,420,233,212,204,222,445,426
Mar,Pachuca,1–0,Puebla,1,0,1,329,249,197,272,578,469,242,188,242,271,430,513
Mar,Necaxa,2–0,UANL,2,0,1,181,164,174,202,345,376,367,253,189,214,620,403
Mar,Mazatlán,1–0,Santos,1,0,1,90,76,96,137,166,233,321,220,214,297,541,511
Mar,Guadalajara,2–1,Tijuana,2,1,1,233,212,204,222,445,426,247,160,200,308,407,508
Mar,Toluca,0–1,FC Juárez,0,1,0,332,212,216,283,544,499,96,71,107,145,167,252
Mié,Atlético,2–0,UNAM,2,0,1,109,106,136,150,215,286,294,206,204,301,500,505
Mié,América,2–0,León,2,0,1,363,310,198,246,673,444,332,240,225,278,572,503
Mié,Monterrey,0–0,Atlas,0,0,-1,354,254,181,257,608,438,198,201,207,268,399,475
Jue,Querétaro,0–1,Cruz Azul,0,1,0,215,184,206,294,399,500,264,211,193,227,475,420
Sáb,Pachuca,3–0,Monterrey,3,0,1,329,249,197,272,578,469,354,254,181,257,608,438
Vie,Puebla,0–1,Necaxa,0,1,0,242,188,242,271,430,513,181,164,174,202,345,376
Vie,FC Juárez,0–2,Mazatlán,0,2,0,96,71,107,145,167,252,90,76,96,137,166,233
Dom,Toluca,2–4,Atlas,2,4,0,332,212,216,283,544,499,198,201,207,268,399,475
Dom,Cruz Azul,0–1,Atlético,0,1,0,264,211,193,227,475,420,109,106,136,150,215,286
Sáb,UANL,0–2,América,0,2,0,367,253,189,214,620,403,363,310,198,246,673,444
Sáb,Guadalajara,3–1,UNAM,3,1,1,233,212,204,222,445,426,294,206,204,301,500,505
Dom,Santos,1–1,León,1,1,-1,321,220,214,297,541,511,332,240,225,278,572,503
Dom,Tijuana,2–2,Querétaro,2,2,-1,247,160,200,308,407,508,215,184,206,294,399,500
Sáb,Querétaro,4–0,FC Juárez,4,0,1,215,184,206,294,399,500,96,71,107,145,167,252
Vie,Necaxa,0–1,Guadalajara,0,1,0,181,164,174,202,345,376,233,212,204,222,445,426
Vie,Mazatlán,2–1,Puebla,2,1,1,90,76,96,137,166,233,242,188,242,271,430,513
Dom,UNAM,2–0,Pachuca,2,0,1,294,206,204,301,500,505,329,249,197,272,578,469
Dom,Atlético,1–3,Santos,1,3,0,109,106,136,150,215,286,321,220,214,297,541,511
Sáb,Atlas,1–1,UANL,1,1,-1,198,201,207,268,399,475,367,253,189,214,620,403
Sáb,Monterrey,2–0,Tijuana,2,0,1,354,254,181,257,608,438,247,160,200,308,407,508
Sáb,América,0–0,Cruz Azul,0,0,-1,363,310,198,246,673,444,264,211,193,227,475,420
Dom,León,4–4,Toluca,4,4,-1,332,240,225,278,572,503,332,212,216,283,544,499
Sáb,Cruz Azul,1–1,Necaxa,1,1,-1,264,211,193,227,475,420,181,164,174,202,345,376
Dom,Puebla,2–2,Mazatlán,2,2,-1,242,188,242,271,430,513,90,76,96,137,166,233
Sáb,Monterrey,2–2,Atlético,2,2,-1,354,254,181,257,608,438,109,106,136,150,215,286
Dom,Guadalajara,4–1,UNAM,4,1,1,233,212,204,222,445,426,294,206,204,301,500,505
Mié,Atlético,2–2,Pachuca,2,2,-1,109,106,136,150,215,286,329,249,197,272,578,469
Mié,Puebla,1–1,América,1,1,-1,242,188,242,271,430,513,363,310,198,246,673,444
Jue,Cruz Azul,0–1,UANL,0,1,0,264,211,193,227,475,420,367,253,189,214,620,403
Jue,Guadalajara,1–2,Atlas,1,2,0,233,212,204,222,445,426,198,201,207,268,399,475
Sáb,América,3–2,Puebla,3,2,1,363,310,198,246,673,444,242,188,242,271,430,513
Dom,Atlas,1–1,Guadalajara,1,1,-1,198,201,207,268,399,475,233,212,204,222,445,426
Sáb,Pachuca,3–2,Atlético,3,2,1,329,249,197,272,578,469,109,106,136,150,215,286
Dom,UANL,0–1,Cruz Azul,0,1,0,367,253,189,214,620,403,264,211,193,227,475,420
Mié,Atlas,3–0,UANL,3,0,1,198,201,207,268,399,475,367,253,189,214,620,403
Jue,América,1–1,Pachuca,1,1,-1,363,310,198,246,673,444,329,249,197,272,578,469
Sáb,UANL,4–2,Atlas,4,2,1,367,253,189,214,620,403,198,201,207,268,399,475
Dom,Pachuca,3–0,América,3,0,1,329,249,197,272,578,469,363,310,198,246,673,444
Jue,Atlas,2–0,Pachuca,2,0,1,198,201,207,268,399,475,329,249,197,272,578,469
Dom,Pachuca,2–1,Atlas,2,1,1,329,249,197,272,578,469,198,201,207,268,399,475
Sáb,Necaxa,1–3,Toluca,1,3,0,181,164,174,202,345,376,332,212,216,283,544,499
Sáb,Guadalajara,0–0,FC Juárez,0,0,-1,233,212,204,222,445,426,96,71,107,145,167,252
Vie,Mazatlán,2–4,Puebla,2,4,0,90,76,96,137,166,233,242,188,242,271,430,513
Dom,UNAM,1–1,Tijuana,1,1,-1,294,206,204,301,500,505,247,160,200,308,407,508
Dom,Atlético,1–2,León,1,2,0,109,106,136,150,215,286,332,240,225,278,572,503
Sáb,UANL,2–3,Cruz Azul,2,3,0,367,253,189,214,620,403,264,211,193,227,475,420
Sáb,América,0–0,Atlas,0,0,-1,363,310,198,246,673,444,198,201,207,268,399,475
Dom,Santos,4–3,Monterrey,4,3,1,321,220,214,297,541,511,354,254,181,257,608,438
Lun,Pachuca,2–0,Querétaro,2,0,1,329,249,197,272,578,469,215,184,206,294,399,500
Vie,Mazatlán,0–1,UANL,0,1,0,90,76,96,137,166,233,367,253,189,214,620,403
Vie,Tijuana,0–2,FC Juárez,0,2,0,247,160,200,308,407,508,96,71,107,145,167,252
Vie,Puebla,1–0,Santos,1,0,1,242,188,242,271,430,513,321,220,214,297,541,511
Dom,Toluca,3–2,Atlas,3,2,1,332,212,216,283,544,499,198,201,207,268,399,475
Dom,Querétaro,1–2,Necaxa,1,2,0,215,184,206,294,399,500,181,164,174,202,345,376
Sáb,León,3–3,UNAM,3,3,-1,332,240,225,278,572,503,294,206,204,301,500,505
Sáb,Guadalajara,0–1,Atlético,0,1,0,233,212,204,222,445,426,109,106,136,150,215,286
Sáb,Monterrey,3–2,América,3,2,1,354,254,181,257,608,438,363,310,198,246,673,444
Sáb,Cruz Azul,1–2,Pachuca,1,2,0,264,211,193,227,475,420,329,249,197,272,578,469
Mié,América,1–0,Toluca,1,0,1,363,310,198,246,673,444,332,212,216,283,544,499
Sáb,Atlas,3–2,Cruz Azul,3,2,1,198,201,207,268,399,475,264,211,193,227,475,420
Vie,Puebla,1–1,León,1,1,-1,242,188,242,271,430,513,332,240,225,278,572,503
Vie,FC Juárez,1–1,Querétaro,1,1,-1,96,71,107,145,167,252,215,184,206,294,399,500
Dom,UNAM,1–0,Necaxa,1,0,1,294,206,204,301,500,505,181,164,174,202,345,376
Dom,Atlético,0–1,Monterrey,0,1,0,109,106,136,150,215,286,354,254,181,257,608,438
Sáb,Santos,1–1,Guadalajara,1,1,-1,321,220,214,297,541,511,233,212,204,222,445,426
Dom,UANL,1–0,Tijuana,1,0,1,367,253,189,214,620,403,247,160,200,308,407,508
Lun,Pachuca,1–1,Mazatlán,1,1,-1,329,249,197,272,578,469,90,76,96,137,166,233
Mié,Guadalajara,0–0,León,0,0,-1,233,212,204,222,445,426,332,240,225,278,572,503
Jue,Querétaro,0–3,Monterrey,0,3,0,215,184,206,294,399,500,354,254,181,257,608,438
Sáb,Toluca,2–1,Santos,2,1,1,332,212,216,283,544,499,321,220,214,297,541,511
Vie,Mazatlán,1–1,Atlético,1,1,-1,90,76,96,137,166,233,109,106,136,150,215,286
Vie,Necaxa,1–0,FC Juárez,1,0,1,181,164,174,202,345,376,96,71,107,145,167,252
Sáb,Tijuana,2–0,América,2,0,1,247,160,200,308,407,508,363,310,198,246,673,444
Sáb,Cruz Azul,2–2,Puebla,2,2,-1,264,211,193,227,475,420,242,188,242,271,430,513
Sáb,UANL,2–0,Atlas,2,0,1,367,253,189,214,620,403,198,201,207,268,399,475
Dom,Pachuca,0–0,UNAM,0,0,-1,329,249,197,272,578,469,294,206,204,301,500,505
Mar,FC Juárez,0–1,UANL,0,1,0,96,71,107,145,167,252,367,253,189,214,620,403
Mar,Monterrey,1–0,Puebla,1,0,1,354,254,181,257,608,438,242,188,242,271,430,513
Mar,Atlas,1–2,Tijuana,1,2,0,198,201,207,268,399,475,247,160,200,308,407,508
Mar,Atlético,0–0,Cruz Azul,0,0,-1,109,106,136,150,215,286,264,211,193,227,475,420
Mar,León,0–1,Toluca,0,1,0,332,240,225,278,572,503,332,212,216,283,544,499
Mié,Necaxa,2–0,Pachuca,2,0,1,181,164,174,202,345,376,329,249,197,272,578,469
Mié,Querétaro,2–2,Guadalajara,2,2,-1,215,184,206,294,399,500,233,212,204,222,445,426
Mié,UNAM,1–1,Mazatlán,1,1,-1,294,206,204,301,500,505,90,76,96,137,166,233
Sáb,Cruz Azul,1–0,Necaxa,1,0,1,264,211,193,227,475,420,181,164,174,202,345,376
Vie,FC Juárez,1–1,Toluca,1,1,-1,96,71,107,145,167,252,332,212,216,283,544,499
Dom,UNAM,1–1,Monterrey,1,1,-1,294,206,204,301,500,505,354,254,181,257,608,438
Sáb,Tijuana,2–0,Mazatlán,2,0,1,247,160,200,308,407,508,90,76,96,137,166,233
Sáb,UANL,2–1,Querétaro,2,1,1,367,253,189,214,620,403,215,184,206,294,399,500
Sáb,Guadalajara,0–0,Pachuca,0,0,-1,233,212,204,222,445,426,329,249,197,272,578,469
Sáb,Puebla,0–0,Atlético,0,0,-1,242,188,242,271,430,513,109,106,136,150,215,286
Dom,Santos,1–0,Atlas,1,0,1,321,220,214,297,541,511,198,201,207,268,399,475
Dom,León,3–2,América,3,2,1,332,240,225,278,572,503,363,310,198,246,673,444
Mar,Toluca,1–1,Puebla,1,1,-1,332,212,216,283,544,499,242,188,242,271,430,513
Mié,FC Juárez,1–1,Atlético,1,1,-1,96,71,107,145,167,252,109,106,136,150,215,286
Jue,Atlas,3–1,Querétaro,3,1,1,198,201,207,268,399,475,215,184,206,294,399,500
Vie,Mazatlán,2–1,Guadalajara,2,1,1,90,76,96,137,166,233,233,212,204,222,445,426
Dom,Toluca,3–1,Tijuana,3,1,1,332,212,216,283,544,499,247,160,200,308,407,508
Dom,Atlético,1–2,Necaxa,1,2,0,109,106,136,150,215,286,181,164,174,202,345,376
Dom,Pachuca,2–0,UANL,2,0,1,329,249,197,272,578,469,367,253,189,214,620,403
Sáb,Monterrey,5–1,León,5,1,1,354,254,181,257,608,438,332,240,225,278,572,503
Sáb,Santos,4–0,Cruz Azul,4,0,1,321,220,214,297,541,511,264,211,193,227,475,420
Dom,América,2–1,FC Juárez,2,1,1,363,310,198,246,673,444,96,71,107,145,167,252
Jue,Querétaro,1–1,Atlético,1,1,-1,215,184,206,294,399,500,109,106,136,150,215,286
Sáb,León,0–3,Mazatlán,0,3,0,332,240,225,278,572,503,90,76,96,137,166,233
Vie,Tijuana,3–3,Puebla,3,3,-1,247,160,200,308,407,508,242,188,242,271,430,513
Vie,Necaxa,1–2,Monterrey,1,2,0,181,164,174,202,345,376,354,254,181,257,608,438
Dom,Cruz Azul,2–3,Toluca,2,3,0,264,211,193,227,475,420,332,212,216,283,544,499
Sáb,UNAM,0–3,América,0,3,0,294,206,204,301,500,505,363,310,198,246,673,444
Sáb,Guadalajara,1–1,Atlas,1,1,-1,233,212,204,222,445,426,198,201,207,268,399,475
Dom,UANL,2–0,Santos,2,0,1,367,253,189,214,620,403,321,220,214,297,541,511
Mar,Mazatlán,1–1,Querétaro,1,1,-1,90,76,96,137,166,233,215,184,206,294,399,500
Mar,Atlas,0–1,FC Juárez,0,1,0,198,201,207,268,399,475,96,71,107,145,167,252
Mar,Puebla,2–2,Necaxa,2,2,-1,242,188,242,271,430,513,181,164,174,202,345,376
Mié,Toluca,1–1,Monterrey,1,1,-1,332,212,216,283,544,499,354,254,181,257,608,438
Mié,Pachuca,0–3,América,0,3,0,329,249,197,272,578,469,363,310,198,246,673,444
Mié,Cruz Azul,1–2,Tijuana,1,2,0,264,211,193,227,475,420,247,160,200,308,407,508
Jue,Santos,2–1,León,2,1,1,321,220,214,297,541,511,332,240,225,278,572,503
Jue,Atlético,3–2,UNAM,3,2,1,109,106,136,150,215,286,294,206,204,301,500,505
Sáb,Querétaro,2–0,Tijuana,2,0,1,215,184,206,294,399,500,247,160,200,308,407,508
Vie,Necaxa,0–4,Guadalajara,0,4,0,181,164,174,202,345,376,233,212,204,222,445,426
Dom,UNAM,1–5,Santos,1,5,0,294,206,204,301,500,505,321,220,214,297,541,511
Dom,Atlético,1–0,Toluca,1,0,1,109,106,136,150,215,286,332,212,216,283,544,499
Sáb,Atlas,1–1,Puebla,1,1,-1,198,201,207,268,399,475,242,188,242,271,430,513
Sáb,Monterrey,0–0,UANL,0,0,-1,354,254,181,257,608,438,367,253,189,214,620,403
Sáb,FC Juárez,1–1,Mazatlán,1,1,-1,96,71,107,145,167,252,90,76,96,137,166,233
Sáb,América,7–0,Cruz Azul,7,0,1,363,310,198,246,673,444,264,211,193,227,475,420
Dom,Pachuca,1–0,León,1,0,1,329,249,197,272,578,469,332,240,225,278,572,503
Mar,Guadalajara,1–0,Monterrey,1,0,1,233,212,204,222,445,426,354,254,181,257,608,438
Mar,Querétaro,0–1,América,0,1,0,215,184,206,294,399,500,363,310,198,246,673,444
Mié,UNAM,1–1,UANL,1,1,-1,294,206,204,301,500,505,367,253,189,214,620,403
Jue,Pachuca,3–1,Atlas,3,1,1,329,249,197,272,578,469,198,201,207,268,399,475
Jue,Tijuana,0–2,Santos,0,2,0,247,160,200,308,407,508,321,220,214,297,541,511
Sáb,Cruz Azul,2–1,Querétaro,2,1,1,264,211,193,227,475,420,215,184,206,294,399,500
Vie,Puebla,2–2,FC Juárez,2,2,-1,242,188,242,271,430,513,96,71,107,145,167,252
Vie,Mazatlán,1–3,América,1,3,0,90,76,96,137,166,233,363,310,198,246,673,444
Dom,Toluca,1–4,Pachuca,1,4,0,332,212,216,283,544,499,329,249,197,272,578,469
Sáb,UANL,0–0,Necaxa,0,0,-1,367,253,189,214,620,403,181,164,174,202,345,376
Sáb,Guadalajara,3–1,UNAM,3,1,1,233,212,204,222,445,426,294,206,204,301,500,505
Dom,León,4–2,Atlas,4,2,1,332,240,225,278,572,503,198,201,207,268,399,475
Dom,Tijuana,0–3,Monterrey,0,3,0,247,160,200,308,407,508,354,254,181,257,608,438
Dom,Santos,4–1,Atlético,4,1,1,321,220,214,297,541,511,109,106,136,150,215,286
Jue,Atlético,0–0,Tijuana,0,0,-1,109,106,136,150,215,286,247,160,200,308,407,508
Jue,Querétaro,1–1,Puebla,1,1,-1,215,184,206,294,399,500,242,188,242,271,430,513
Sáb,Pachuca,2–0,Santos,2,0,1,329,249,197,272,578,469,321,220,214,297,541,511
Vie,Necaxa,3–2,León,3,2,1,181,164,174,202,345,376,332,240,225,278,572,503
Vie,FC Juárez,2–2,Cruz Azul,2,2,-1,96,71,107,145,167,252,264,211,193,227,475,420
Dom,Toluca,0–0,Guadalajara,0,0,-1,332,212,216,283,544,499,233,212,204,222,445,426
Sáb,Atlas,0–0,UNAM,0,0,-1,198,201,207,268,399,475,294,206,204,301,500,505
Sáb,Monterrey,0–0,Mazatlán,0,0,-1,354,254,181,257,608,438,90,76,96,137,166,233
Sáb,América,2–1,UANL,2,1,1,363,310,198,246,673,444,367,253,189,214,620,403
Mar,León,1–0,FC Juárez,1,0,1,332,240,225,278,572,503,96,71,107,145,167,252
Mar,Santos,3–1,Necaxa,3,1,1,321,220,214,297,541,511,181,164,174,202,345,376
Mar,América,3–0,Atlético,3,0,1,363,310,198,246,673,444,109,106,136,150,215,286
Mar,Monterrey,3–2,Cruz Azul,3,2,1,354,254,181,257,608,438,264,211,193,227,475,420
Mié,Puebla,2–2,Pachuca,2,2,-1,242,188,242,271,430,513,329,249,197,272,578,469
Mié,UANL,3–1,Toluca,3,1,1,367,253,189,214,620,403,332,212,216,283,544,499
Mié,Tijuana,1–2,Guadalajara,1,2,0,247,160,200,308,407,508,233,212,204,222,445,426
Mié,Mazatlán,1–0,Atlas,1,0,1,90,76,96,137,166,233,198,201,207,268,399,475
Mié,UNAM,4–1,Querétaro,4,1,1,294,206,204,301,500,505,215,184,206,294,399,500
Sáb,Querétaro,3–3,Santos,3,3,-1,215,184,206,294,399,500,321,220,214,297,541,511
Vie,FC Juárez,0–1,Monterrey,0,1,0,96,71,107,145,167,252,354,254,181,257,608,438
Dom,Cruz Azul,2–0,Mazatlán,2,0,1,264,211,193,227,475,420,90,76,96,137,166,233
Dom,Atlas,1–3,Atlético,1,3,0,198,201,207,268,399,475,109,106,136,150,215,286
Sáb,Necaxa,1–2,América,1,2,0,181,164,174,202,345,376,363,310,198,246,673,444
Sáb,UANL,0–1,León,0,1,0,367,253,189,214,620,403,332,240,225,278,572,503
Sáb,Guadalajara,1–0,Puebla,1,0,1,233,212,204,222,445,426,242,188,242,271,430,513
Sáb,Toluca,2–2,UNAM,2,2,-1,332,212,216,283,544,499,294,206,204,301,500,505
Dom,Pachuca,6–1,Tijuana,6,1,1,329,249,197,272,578,469,247,160,200,308,407,508
Mar,Guadalajara,1–4,UANL,1,4,0,233,212,204,222,445,426,367,253,189,214,620,403
Mié,FC Juárez,2–1,Pachuca,2,1,1,96,71,107,145,167,252,329,249,197,272,578,469
Mié,América,3–3,Santos,3,3,-1,363,310,198,246,673,444,321,220,214,297,541,511
Jue,Cruz Azul,2–1,León,2,1,1,264,211,193,227,475,420,332,240,225,278,572,503
Vie,Puebla,2–1,UANL,2,1,1,242,188,242,271,430,513,367,253,189,214,620,403
Vie,Mazatlán,1–1,Toluca,1,1,-1,90,76,96,137,166,233,332,212,216,283,544,499
Dom,UNAM,1–2,Cruz Azul,1,2,0,294,206,204,301,500,505,264,211,193,227,475,420
Sáb,Monterrey,2–0,Atlas,2,0,1,354,254,181,257,608,438,198,201,207,268,399,475
Sáb,América,2–1,Guadalajara,2,1,1,363,310,198,246,673,444,233,212,204,222,445,426
Dom,Santos,2–0,FC Juárez,2,0,1,321,220,214,297,541,511,96,71,107,145,167,252
Dom,León,3–1,Querétaro,3,1,1,332,240,225,278,572,503,215,184,206,294,399,500
Dom,Tijuana,1–1,Necaxa,1,1,-1,247,160,200,308,407,508,181,164,174,202,345,376
Dom,Atlético,1–2,Pachuca,1,2,0,109,106,136,150,215,286,329,249,197,272,578,469
Vie,Necaxa,2–2,Mazatlán,2,2,-1,181,164,174,202,345,376,90,76,96,137,166,233
Vie,Puebla,2–1,UNAM,2,1,1,242,188,242,271,430,513,294,206,204,301,500,505
Sáb,Atlético,0–3,UANL,0,3,0,109,106,136,150,215,286,367,253,189,214,620,403
Sáb,Monterrey,0–0,Pachuca,0,0,-1,354,254,181,257,608,438,329,249,197,272,578,469
Vie,Puebla,1–2,América,1,2,0,242,188,242,271,430,513,363,310,198,246,673,444
Vie,FC Juárez,3–1,UNAM,3,1,1,96,71,107,145,167,252,294,206,204,301,500,505
Dom,Toluca,4–1,Querétaro,4,1,1,332,212,216,283,544,499,215,184,206,294,399,500
Dom,Santos,3–0,Mazatlán,3,0,1,321,220,214,297,541,511,90,76,96,137,166,233
Sáb,Atlas,1–0,Necaxa,1,0,1,198,201,207,268,399,475,181,164,174,202,345,376
Sáb,Cruz Azul,2–1,Guadalajara,2,1,1,264,211,193,227,475,420,233,212,204,222,445,426
Dom,León,2–2,Tijuana,2,2,-1,332,240,225,278,572,503,247,160,200,308,407,508
Dom,Toluca,3–0,FC Juárez,3,0,1,332,212,216,283,544,499,96,71,107,145,167,252
Dom,Puebla,1–1,Guadalajara,1,1,-1,242,188,242,271,430,513,233,212,204,222,445,426
Sáb,UANL,2–0,Necaxa,2,0,1,367,253,189,214,620,403,181,164,174,202,345,376
Sáb,Cruz Azul,1–0,León,1,0,1,264,211,193,227,475,420,332,240,225,278,572,503
Mié,Puebla,1–6,América,1,6,0,242,188,242,271,430,513,363,310,198,246,673,444
Mié,Cruz Azul,0–0,Monterrey,0,0,-1,264,211,193,227,475,420,354,254,181,257,608,438
Jue,Toluca,4–3,Santos,4,3,1,332,212,216,283,544,499,321,220,214,297,541,511
Jue,UANL,1–0,Pachuca,1,0,1,367,253,189,214,620,403,329,249,197,272,578,469
Sáb,Monterrey,3–0,Cruz Azul,3,0,1,354,254,181,257,608,438,264,211,193,227,475,420
Sáb,América,5–1,Puebla,5,1,1,363,310,198,246,673,444,242,188,242,271,430,513
Dom,Santos,1–2,Toluca,1,2,0,321,220,214,297,541,511,332,212,216,283,544,499
Dom,Pachuca,2–1,UANL,2,1,1,329,249,197,272,578,469,367,253,189,214,620,403
Mié,Toluca,2–1,América,2,1,1,332,212,216,283,544,499,363,310,198,246,673,444
Jue,Pachuca,5–2,Monterrey,5,2,1,329,249,197,272,578,469,354,254,181,257,608,438
Sáb,América,1–1,Toluca,1,1,-1,363,310,198,246,673,444,332,212,216,283,544,499
Dom,Monterrey,0–1,Pachuca,0,1,0,354,254,181,257,608,438,329,249,197,272,578,469
Jue,Toluca,1–5,Pachuca,1,5,0,332,212,216,283,544,499,329,249,197,272,578,469
Dom,Pachuca,3–1,Toluca,3,1,1,329,249,197,272,578,469,332,212,216,283,544,499
Sáb,América,0–0,Querétaro,0,0,-1,363,310,198,246,673,444,215,184,206,294,399,500
Vie,Necaxa,2–3,Atlético,2,3,0,181,164,174,202,345,376,109,106,136,150,215,286
Dom,UNAM,2–1,FC Juárez,2,1,1,294,206,204,301,500,505,96,71,107,145,167,252
Sáb,Monterrey,0–1,Guadalajara,0,1,0,354,254,181,257,608,438,233,212,204,222,445,426
Dom,Santos,0–3,UANL,0,3,0,321,220,214,297,541,511,367,253,189,214,620,403
Dom,Tijuana,1–1,Cruz Azul,1,1,-1,247,160,200,308,407,508,264,211,193,227,475,420
Lun,Pachuca,5–1,Puebla,5,1,1,329,249,197,272,578,469,242,188,242,271,430,513
Jue,Atlas,2–1,Mazatlán,2,1,1,198,201,207,268,399,475,90,76,96,137,166,233
Sáb,Cruz Azul,2–3,Monterrey,2,3,0,264,211,193,227,475,420,354,254,181,257,608,438
Vie,Atlético,0–0,Guadalajara,0,0,-1,109,106,136,150,215,286,233,212,204,222,445,426
Vie,Puebla,2–0,Querétaro,2,0,1,242,188,242,271,430,513,215,184,206,294,399,500
Sáb,FC Juárez,3–0,Tijuana,3,0,1,96,71,107,145,167,252,247,160,200,308,407,508
Sáb,Toluca,2–2,América,2,2,-1,332,212,216,283,544,499,363,310,198,246,673,444
Sáb,Santos,3–0,UNAM,3,0,1,321,220,214,297,541,511,294,206,204,301,500,505
Dom,UANL,4–1,Pachuca,4,1,1,367,253,189,214,620,403,329,249,197,272,578,469
Lun,León,2–1,Necaxa,2,1,1,332,240,225,278,572,503,181,164,174,202,345,376
Sáb,Monterrey,3–1,Atlético,3,1,1,354,254,181,257,608,438,109,106,136,150,215,286
Vie,Tijuana,1–1,UANL,1,1,-1,247,160,200,308,407,508,367,253,189,214,620,403
Vie,Mazatlán,1–2,Santos,1,2,0,90,76,96,137,166,233,321,220,214,297,541,511
Dom,UNAM,4–1,León,4,1,1,294,206,204,301,500,505,332,240,225,278,572,503
Dom,Querétaro,3–3,Atlas,3,3,-1,215,184,206,294,399,500,198,201,207,268,399,475
Sáb,América,2–2,Puebla,2,2,-1,363,310,198,246,673,444,242,188,242,271,430,513
Sáb,Guadalajara,1–2,Toluca,1,2,0,233,212,204,222,445,426,332,212,216,283,544,499
Sáb,Necaxa,1–0,Cruz Azul,1,0,1,181,164,174,202,345,376,264,211,193,227,475,420
Dom,Pachuca,4–1,FC Juárez,4,1,1,329,249,197,272,578,469,96,71,107,145,167,252
Jue,Atlas,2–2,Santos,2,2,-1,198,201,207,268,399,475,321,220,214,297,541,511
Vie,Tijuana,0–0,UNAM,0,0,-1,247,160,200,308,407,508,294,206,204,301,500,505
Vie,Puebla,1–2,Monterrey,1,2,0,242,188,242,271,430,513,354,254,181,257,608,438
Dom,Toluca,0–0,León,0,0,-1,332,212,216,283,544,499,332,240,225,278,572,503
Sáb,UANL,0–0,Atlético,0,0,-1,367,253,189,214,620,403,109,106,136,150,215,286
Sáb,FC Juárez,1–2,Guadalajara,1,2,0,96,71,107,145,167,252,233,212,204,222,445,426
Sáb,América,6–0,Mazatlán,6,0,1,363,310,198,246,673,444,90,76,96,137,166,233
Dom,Pachuca,2–1,Necaxa,2,1,1,329,249,197,272,578,469,181,164,174,202,345,376
Mié,Atlas,0–0,Toluca,0,0,-1,198,201,207,268,399,475,332,212,216,283,544,499
Jue,Atlético,2–0,Puebla,2,0,1,109,106,136,150,215,286,242,188,242,271,430,513
Sáb,León,0–1,Pachuca,0,1,0,332,240,225,278,572,503,329,249,197,272,578,469
Vie,Necaxa,1–1,Tijuana,1,1,-1,181,164,174,202,345,376,247,160,200,308,407,508
Vie,Mazatlán,2–3,FC Juárez,2,3,0,90,76,96,137,166,233,96,71,107,145,167,252
Dom,UNAM,2–2,Atlas,2,2,-1,294,206,204,301,500,505,198,201,207,268,399,475
Dom,Guadalajara,1–1,Querétaro,1,1,-1,233,212,204,222,445,426,215,184,206,294,399,500
Sáb,Cruz Azul,0–1,UANL,0,1,0,264,211,193,227,475,420,367,253,189,214,620,403
Sáb,Santos,2–2,América,2,2,-1,321,220,214,297,541,511,363,310,198,246,673,444
Dom,Monterrey,2–1,Toluca,2,1,1,354,254,181,257,608,438,332,212,216,283,544,499
Jue,Querétaro,0–3,León,0,3,0,215,184,206,294,399,500,332,240,225,278,572,503
Jue,Atlas,0–2,Monterrey,0,2,0,198,201,207,268,399,475,354,254,181,257,608,438
Sáb,América,2–1,Necaxa,2,1,1,363,310,198,246,673,444,181,164,174,202,345,376
Vie,Puebla,3–1,Mazatlán,3,1,1,242,188,242,271,430,513,90,76,96,137,166,233
Vie,Tijuana,1–0,Atlético,1,0,1,247,160,200,308,407,508,109,106,136,150,215,286
Dom,Toluca,3–1,Cruz Azul,3,1,1,332,212,216,283,544,499,264,211,193,227,475,420
Sáb,FC Juárez,3–1,Santos,3,1,1,96,71,107,145,167,252,321,220,214,297,541,511
Sáb,UANL,4–2,UNAM,4,2,1,367,253,189,214,620,403,294,206,204,301,500,505
Sáb,Pachuca,1–1,Guadalajara,1,1,-1,329,249,197,272,578,469,233,212,204,222,445,426
Mar,León,2–0,Puebla,2,0,1,332,240,225,278,572,503,242,188,242,271,430,513
Mar,UANL,0–0,FC Juárez,0,0,-1,367,253,189,214,620,403,96,71,107,145,167,252
Mar,Atlético,1–3,América,1,3,0,109,106,136,150,215,286,363,310,198,246,673,444
Mié,Guadalajara,2–1,Tijuana,2,1,1,233,212,204,222,445,426,247,160,200,308,407,508
Mié,Monterrey,2–0,Querétaro,2,0,1,354,254,181,257,608,438,215,184,206,294,399,500
Mié,Necaxa,3–1,UNAM,3,1,1,181,164,174,202,345,376,294,206,204,301,500,505
Jue,Mazatlán,2–3,Pachuca,2,3,0,90,76,96,137,166,233,329,249,197,272,578,469
Sáb,Atlético,1–1,Santos,1,1,-1,109,106,136,150,215,286,321,220,214,297,541,511
Sáb,Monterrey,2–1,Necaxa,2,1,1,354,254,181,257,608,438,181,164,174,202,345,376
Vie,FC Juárez,0–0,León,0,0,-1,96,71,107,145,167,252,332,240,225,278,572,503
Vie,Puebla,1–3,Cruz Azul,1,3,0,242,188,242,271,430,513,264,211,193,227,475,420
Dom,Querétaro,1–1,Mazatlán,1,1,-1,215,184,206,294,399,500,90,76,96,137,166,233
Sáb,Atlas,0–1,UANL,0,1,0,198,201,207,268,399,475,367,253,189,214,620,403
Sáb,UNAM,1–2,Guadalajara,1,2,0,294,206,204,301,500,505,233,212,204,222,445,426
Dom,América,2–1,Tijuana,2,1,1,363,310,198,246,673,444,247,160,200,308,407,508
Dom,Pachuca,1–2,Toluca,1,2,0,329,249,197,272,578,469,332,212,216,283,544,499
Mié,Cruz Azul,1–0,Atlas,1,0,1,264,211,193,227,475,420,198,201,207,268,399,475
Jue,Santos,0–5,Toluca,0,5,0,321,220,214,297,541,511,332,212,216,283,544,499
Sáb,Cruz Azul,1–0,FC Juárez,1,0,1,264,211,193,227,475,420,96,71,107,145,167,252
Vie,Necaxa,1–1,Querétaro,1,1,-1,181,164,174,202,345,376,215,184,206,294,399,500
Vie,Mazatlán,1–2,UNAM,1,2,0,90,76,96,137,166,233,294,206,204,301,500,505
Dom,Toluca,2–0,Atlético,2,0,1,332,212,216,283,544,499,109,106,136,150,215,286
Sáb,UANL,1–2,Guadalajara,1,2,0,367,253,189,214,620,403,233,212,204,222,445,426
Sáb,Atlas,2–2,América,2,2,-1,198,201,207,268,399,475,363,310,198,246,673,444
Dom,Santos,3–2,Puebla,3,2,1,321,220,214,297,541,511,242,188,242,271,430,513
Dom,Tijuana,2–0,Pachuca,2,0,1,247,160,200,308,407,508,329,249,197,272,578,469
Lun,León,1–1,Monterrey,1,1,-1,332,240,225,278,572,503,354,254,181,257,608,438
Sáb,León,2–0,Atlético,2,0,1,332,240,225,278,572,503,109,106,136,150,215,286
Vie,Mazatlán,3–1,Cruz Azul,3,1,1,90,76,96,137,166,233,264,211,193,227,475,420
Vie,Necaxa,0–1,UANL,0,1,0,181,164,174,202,345,376,367,253,189,214,620,403
Vie,Tijuana,1–1,Atlas,1,1,-1,247,160,200,308,407,508,198,201,207,268,399,475
Dom,UNAM,2–4,Puebla,2,4,0,294,206,204,301,500,505,242,188,242,271,430,513
Sáb,América,0–3,Pachuca,0,3,0,363,310,198,246,673,444,329,249,197,272,578,469
Sáb,Monterrey,3–0,FC Juárez,3,0,1,354,254,181,257,608,438,96,71,107,145,167,252
Sáb,Guadalajara,2–0,Santos,2,0,1,233,212,204,222,445,426,321,220,214,297,541,511
Dom,Querétaro,1–0,Toluca,1,0,1,215,184,206,294,399,500,332,212,216,283,544,499
Sáb,Atlas,0–1,León,0,1,0,198,201,207,268,399,475,332,240,225,278,572,503
Vie,Atlético,2–0,Querétaro,2,0,1,109,106,136,150,215,286,215,184,206,294,399,500
Vie,Puebla,1–0,Guadalajara,1,0,1,242,188,242,271,430,513,233,212,204,222,445,426
Dom,Toluca,4–1,Mazatlán,4,1,1,332,212,216,283,544,499,90,76,96,137,166,233
Sáb,Cruz Azul,1–0,UNAM,1,0,1,264,211,193,227,475,420,294,206,204,301,500,505
Sáb,UANL,0–2,América,0,2,0,367,253,189,214,620,403,363,310,198,246,673,444
Dom,Santos,3–2,Tijuana,3,2,1,321,220,214,297,541,511,247,160,200,308,407,508
Dom,Pachuca,1–2,Monterrey,1,2,0,329,249,197,272,578,469,354,254,181,257,608,438
Dom,FC Juárez,1–1,Necaxa,1,1,-1,96,71,107,145,167,252,181,164,174,202,345,376
Sáb,Cruz Azul,1–0,Atlético,1,0,1,264,211,193,227,475,420,109,106,136,150,215,286
Vie,Puebla,0–4,Atlas,0,4,0,242,188,242,271,430,513,198,201,207,268,399,475
Vie,Mazatlán,0–1,Necaxa,0,1,0,90,76,96,137,166,233,181,164,174,202,345,376
Vie,Tijuana,3–3,Toluca,3,3,-1,247,160,200,308,407,508,332,212,216,283,544,499
Dom,UNAM,0–2,Pachuca,0,2,0,294,206,204,301,500,505,329,249,197,272,578,469
Sáb,UANL,0–1,Monterrey,0,1,0,367,253,189,214,620,403,354,254,181,257,608,438
Sáb,Guadalajara,2–4,América,2,4,0,233,212,204,222,445,426,363,310,198,246,673,444
Dom,Querétaro,2–2,FC Juárez,2,2,-1,215,184,206,294,399,500,96,71,107,145,167,252
Dom,León,4–1,Santos,4,1,1,332,240,225,278,572,503,321,220,214,297,541,511
Vie,Mazatlán,1–2,León,1,2,0,90,76,96,137,166,233,332,240,225,278,572,503
Mié,Querétaro,2–2,Cruz Azul,2,2,-1,215,184,206,294,399,500,264,211,193,227,475,420
Sáb,Pachuca,0–2,Cruz Azul,0,2,0,329,249,197,272,578,469,264,211,193,227,475,420
Vie,Necaxa,0–0,Santos,0,0,-1,181,164,174,202,345,376,321,220,214,297,541,511
Vie,FC Juárez,0–2,Puebla,0,2,0,96,71,107,145,167,252,242,188,242,271,430,513
Dom,Toluca,3–2,UANL,3,2,1,332,212,216,283,544,499,367,253,189,214,620,403
Dom,Atlético,2–1,Mazatlán,2,1,1,109,106,136,150,215,286,90,76,96,137,166,233
Sáb,América,2–2,León,2,2,-1,363,310,198,246,673,444,332,240,225,278,572,503
Sáb,Monterrey,4–0,Tijuana,4,0,1,354,254,181,257,608,438,247,160,200,308,407,508
Sáb,Atlas,3–3,Guadalajara,3,3,-1,198,201,207,268,399,475,233,212,204,222,445,426
Dom,Querétaro,1–0,UNAM,1,0,1,215,184,206,294,399,500,294,206,204,301,500,505
Sáb,Guadalajara,1–0,Necaxa,1,0,1,233,212,204,222,445,426,181,164,174,202,345,376
Vie,Puebla,1–2,Toluca,1,2,0,242,188,242,271,430,513,332,212,216,283,544,499
Vie,Tijuana,1–2,Querétaro,1,2,0,247,160,200,308,407,508,215,184,206,294,399,500
Dom,UNAM,3–1,Atlético,3,1,1,294,206,204,301,500,505,109,106,136,150,215,286
Sáb,León,0–0,Cruz Azul,0,0,-1,332,240,225,278,572,503,264,211,193,227,475,420
Sáb,UANL,1–2,Mazatlán,1,2,0,367,253,189,214,620,403,90,76,96,137,166,233
Sáb,América,2–1,Monterrey,2,1,1,363,310,198,246,673,444,354,254,181,257,608,438
Dom,Santos,1–4,Pachuca,1,4,0,321,220,214,297,541,511,329,249,197,272,578,469
Dom,FC Juárez,1–1,Atlas,1,1,-1,96,71,107,145,167,252,198,201,207,268,399,475
Jue,Atlético,2–0,FC Juárez,2,0,1,109,106,136,150,215,286,96,71,107,145,167,252
Sáb,Atlas,4–1,Pachuca,4,1,1,198,201,207,268,399,475,329,249,197,272,578,469
Vie,Necaxa,1–1,Puebla,1,1,-1,181,164,174,202,345,376,242,188,242,271,430,513
Vie,Mazatlán,1–2,Tijuana,1,2,0,90,76,96,137,166,233,247,160,200,308,407,508
Dom,UNAM,3–1,Toluca,3,1,1,294,206,204,301,500,505,332,212,216,283,544,499
Dom,Querétaro,0–0,UANL,0,0,-1,215,184,206,294,399,500,367,253,189,214,620,403
Sáb,León,0–2,Guadalajara,0,2,0,332,240,225,278,572,503,233,212,204,222,445,426
Sáb,Cruz Azul,1–3,América,1,3,0,264,211,193,227,475,420,363,310,198,246,673,444
Dom,Monterrey,1–2,Santos,1,2,0,354,254,181,257,608,438,321,220,214,297,541,511
Jue,UANL,1–0,Puebla,1,0,1,367,253,189,214,620,403,242,188,242,271,430,513
Sáb,Pachuca,2–1,Atlético,2,1,1,329,249,197,272,578,469,109,106,136,150,215,286
Vie,Mazatlán,0–2,Monterrey,0,2,0,90,76,96,137,166,233,354,254,181,257,608,438
Vie,Necaxa,1–3,Atlas,1,3,0,181,164,174,202,345,376,198,201,207,268,399,475
Vie,Tijuana,0–0,León,0,0,-1,247,160,200,308,407,508,332,240,225,278,572,503
Dom,Toluca,1–1,FC Juárez,1,1,-1,332,212,216,283,544,499,96,71,107,145,167,252
Sáb,Guadalajara,2–1,Cruz Azul,2,1,1,233,212,204,222,445,426,264,211,193,227,475,420
Sáb,América,1–1,UNAM,1,1,-1,363,310,198,246,673,444,294,206,204,301,500,505
Dom,Santos,0–2,Querétaro,0,2,0,321,220,214,297,541,511,215,184,206,294,399,500
Sáb,Puebla,5–2,Tijuana,5,2,1,242,188,242,271,430,513,247,160,200,308,407,508
Vie,FC Juárez,0–1,América,0,1,0,96,71,107,145,167,252,363,310,198,246,673,444
Dom,Toluca,3–0,Necaxa,3,0,1,332,212,216,283,544,499,181,164,174,202,345,376
Dom,Querétaro,0–1,Pachuca,0,1,0,215,184,206,294,399,500,329,249,197,272,578,469
Sáb,Atlético,0–0,Atlas,0,0,-1,109,106,136,150,215,286,198,201,207,268,399,475
Sáb,Guadalajara,4–1,Mazatlán,4,1,1,233,212,204,222,445,426,90,76,96,137,166,233
Sáb,Monterrey,4–1,UNAM,4,1,1,354,254,181,257,608,438,294,206,204,301,500,505
Sáb,Cruz Azul,3–2,Santos,3,2,1,264,211,193,227,475,420,321,220,214,297,541,511
Dom,León,3–0,UANL,3,0,1,332,240,225,278,572,503,367,253,189,214,620,403
Sáb,Cruz Azul,0–1,Atlas,0,1,0,264,211,193,227,475,420,198,201,207,268,399,475
Sáb,Pachuca,4–4,Santos,4,4,-1,329,249,197,272,578,469,321,220,214,297,541,511
Dom,León,1–3,Atlético,1,3,0,332,240,225,278,572,503,109,106,136,150,215,286
Dom,UANL,1–0,Puebla,1,0,1,367,253,189,214,620,403,242,188,242,271,430,513
Mié,Santos,0–0,Monterrey,0,0,-1,321,220,214,297,541,511,354,254,181,257,608,438
Mié,Atlético,1–3,América,1,3,0,109,106,136,150,215,286,363,310,198,246,673,444
Jue,Atlas,1–0,Guadalajara,1,0,1,198,201,207,268,399,475,233,212,204,222,445,426
Jue,UANL,4–1,Toluca,4,1,1,367,253,189,214,620,403,332,212,216,283,544,499
Dom,Toluca,3–1,UANL,3,1,1,332,212,216,283,544,499,367,253,189,214,620,403
Sáb,Monterrey,2–0,Santos,2,0,1,354,254,181,257,608,438,321,220,214,297,541,511
Sáb,América,1–2,Atlético,1,2,0,363,310,198,246,673,444,109,106,136,150,215,286
Dom,Guadalajara,1–0,Atlas,1,0,1,233,212,204,222,445,426,198,201,207,268,399,475
Mié,UANL,1–1,Monterrey,1,1,-1,367,253,189,214,620,403,354,254,181,257,608,438
Jue,Guadalajara,0–1,América,0,1,0,233,212,204,222,445,426,363,310,198,246,673,444
Sáb,Monterrey,0–1,UANL,0,1,0,354,254,181,257,608,438,367,253,189,214,620,403
Dom,América,1–3,Guadalajara,1,3,0,363,310,198,246,673,444,233,212,204,222,445,426
Jue,UANL,0–0,Guadalajara,0,0,-1,367,253,189,214,620,403,233,212,204,222,445,426
Dom,Guadalajara,2–3,UANL,2,3,0,233,212,204,222,445,426,367,253,189,214,620,403
Sáb,Atlético,1–1,Monterrey,1,1,-1,109,106,136,150,215,286,354,254,181,257,608,438
Vie,Mazatlán,1–1,Pachuca,1,1,-1,90,76,96,137,166,233,329,249,197,272,578,469
Vie,Tijuana,2–3,UNAM,2,3,0,247,160,200,308,407,508,294,206,204,301,500,505
Vie,América,1–2,FC Juárez,1,2,0,363,310,198,246,673,444,96,71,107,145,167,252
Dom,Toluca,0–0,Necaxa,0,0,-1,332,212,216,283,544,499,181,164,174,202,345,376
Sáb,UANL,1–1,Puebla,1,1,-1,367,253,189,214,620,403,242,188,242,271,430,513
Sáb,Atlas,2–0,Cruz Azul,2,0,1,198,201,207,268,399,475,264,211,193,227,475,420
Dom,Santos,0–2,Querétaro,0,2,0,321,220,214,297,541,511,215,184,206,294,399,500
Lun,León,1–2,Guadalajara,1,2,0,332,240,225,278,572,503,233,212,204,222,445,426
Sáb,Cruz Azul,0–2,Toluca,0,2,0,264,211,193,227,475,420,332,212,216,283,544,499
Vie,Puebla,2–3,Santos,2,3,0,242,188,242,271,430,513,321,220,214,297,541,511
Vie,Necaxa,1–1,Tijuana,1,1,-1,181,164,174,202,345,376,247,160,200,308,407,508
Dom,UNAM,0–0,Mazatlán,0,0,-1,294,206,204,301,500,505,90,76,96,137,166,233
Sáb,FC Juárez,1–1,UANL,1,1,-1,96,71,107,145,167,252,367,253,189,214,620,403
Sáb,Guadalajara,3–1,Atlético,3,1,1,233,212,204,222,445,426,109,106,136,150,215,286
Dom,Monterrey,1–0,Atlas,1,0,1,354,254,181,257,608,438,198,201,207,268,399,475
Lun,León,4–0,Pachuca,4,0,1,332,240,225,278,572,503,329,249,197,272,578,469
Jue,Santos,0–0,Atlas,0,0,-1,321,220,214,297,541,511,198,201,207,268,399,475
Jue,Guadalajara,2–0,Necaxa,2,0,1,233,212,204,222,445,426,181,164,174,202,345,376
Sáb,Atlético,4–1,Querétaro,4,1,1,109,106,136,150,215,286,215,184,206,294,399,500
Vie,Mazatlán,0–3,Monterrey,0,3,0,90,76,96,137,166,233,354,254,181,257,608,438
Vie,Tijuana,2–1,Cruz Azul,2,1,1,247,160,200,308,407,508,264,211,193,227,475,420
Dom,Toluca,2–4,FC Juárez,2,4,0,332,212,216,283,544,499,96,71,107,145,167,252
Sáb,América,3–0,Puebla,3,0,1,363,310,198,246,673,444,242,188,242,271,430,513
Sáb,UANL,1–0,León,1,0,1,367,253,189,214,620,403,332,240,225,278,572,503
Dom,Pachuca,1–1,UNAM,1,1,-1,329,249,197,272,578,469,294,206,204,301,500,505
Vie,León,2–1,Mazatlán,2,1,1,332,240,225,278,572,503,90,76,96,137,166,233
Vie,FC Juárez,1–1,Guadalajara,1,1,-1,96,71,107,145,167,252,233,212,204,222,445,426
Vie,UNAM,1–1,Toluca,1,1,-1,294,206,204,301,500,505,332,212,216,283,544,499
Vie,Puebla,1–2,Atlético,1,2,0,242,188,242,271,430,513,109,106,136,150,215,286
Dom,Cruz Azul,2–2,Santos,2,2,-1,264,211,193,227,475,420,321,220,214,297,541,511
Dom,Querétaro,1–1,Pachuca,1,1,-1,215,184,206,294,399,500,329,249,197,272,578,469
Dom,América,1–1,Atlas,1,1,-1,363,310,198,246,673,444,198,201,207,268,399,475
Dom,Necaxa,0–3,UANL,0,3,0,181,164,174,202,345,376,367,253,189,214,620,403
Mar,Mazatlán,1–0,Puebla,1,0,1,90,76,96,137,166,233,242,188,242,271,430,513
Mar,Guadalajara,1–0,Tijuana,1,0,1,233,212,204,222,445,426,247,160,200,308,407,508
Mar,FC Juárez,4–1,UNAM,4,1,1,96,71,107,145,167,252,294,206,204,301,500,505
Mié,América,3–2,Necaxa,3,2,1,363,310,198,246,673,444,181,164,174,202,345,376
Mié,Pachuca,1–0,Cruz Azul,1,0,1,329,249,197,272,578,469,264,211,193,227,475,420
Mié,Atlético,3–0,León,3,0,1,109,106,136,150,215,286,332,240,225,278,572,503
Sáb,Atlas,0–0,Toluca,0,0,-1,198,201,207,268,399,475,332,212,216,283,544,499
Vie,Puebla,1–0,FC Juárez,1,0,1,242,188,242,271,430,513,96,71,107,145,167,252
Vie,Tijuana,1–1,Mazatlán,1,1,-1,247,160,200,308,407,508,90,76,96,137,166,233
Dom,Necaxa,0–1,Querétaro,0,1,0,181,164,174,202,345,376,215,184,206,294,399,500
Sáb,América,1–1,León,1,1,-1,363,310,198,246,673,444,332,240,225,278,572,503
Sáb,Santos,2–1,Guadalajara,2,1,1,321,220,214,297,541,511,233,212,204,222,445,426
Dom,UNAM,2–1,UANL,2,1,1,294,206,204,301,500,505,367,253,189,214,620,403
Dom,Monterrey,1–2,Cruz Azul,1,2,0,354,254,181,257,608,438,264,211,193,227,475,420
Lun,Pachuca,0–2,Atlético,0,2,0,329,249,197,272,578,469,109,106,136,150,215,286
Mié,Toluca,1–0,Monterrey,1,0,1,332,212,216,283,544,499,354,254,181,257,608,438
Mié,Querétaro,1–2,Atlas,1,2,0,215,184,206,294,399,500,198,201,207,268,399,475
Mié,UANL,3–2,Santos,3,2,1,367,253,189,214,620,403,321,220,214,297,541,511
Sáb,León,1–1,Necaxa,1,1,-1,332,240,225,278,572,503,181,164,174,202,345,376
Vie,FC Juárez,3–1,Mazatlán,3,1,1,96,71,107,145,167,252,90,76,96,137,166,233
Vie,Puebla,3–0,Tijuana,3,0,1,242,188,242,271,430,513,247,160,200,308,407,508
Dom,Toluca,5–0,Pachuca,5,0,1,332,212,216,283,544,499,329,249,197,272,578,469
Dom,Guadalajara,1–2,Monterrey,1,2,0,233,212,204,222,445,426,354,254,181,257,608,438
Sáb,Santos,2–1,UNAM,2,1,1,321,220,214,297,541,511,294,206,204,301,500,505
Sáb,UANL,5–0,Querétaro,5,0,1,367,253,189,214,620,403,215,184,206,294,399,500
Sáb,Cruz Azul,2–3,América,2,3,0,264,211,193,227,475,420,363,310,198,246,673,444
Dom,Atlético,2–0,Atlas,2,0,1,109,106,136,150,215,286,198,201,207,268,399,475
Sáb,Necaxa,1–1,FC Juárez,1,1,-1,181,164,174,202,345,376,96,71,107,145,167,252
Vie,Mazatlán,2–2,Cruz Azul,2,2,-1,90,76,96,137,166,233,264,211,193,227,475,420
Vie,Tijuana,2–1,Toluca,2,1,1,247,160,200,308,407,508,332,212,216,283,544,499
Dom,UNAM,3–2,Atlético,3,2,1,294,206,204,301,500,505,109,106,136,150,215,286
Dom,Querétaro,1–1,Puebla,1,1,-1,215,184,206,294,399,500,242,188,242,271,430,513
Sáb,Monterrey,3–1,León,3,1,1,354,254,181,257,608,438,332,240,225,278,572,503
Sáb,América,4–0,Guadalajara,4,0,1,363,310,198,246,673,444,233,212,204,222,445,426
Dom,Atlas,2–0,UANL,2,0,1,198,201,207,268,399,475,367,253,189,214,620,403
Lun,Pachuca,3–2,Santos,3,2,1,329,249,197,272,578,469,321,220,214,297,541,511
Mié,Querétaro,1–2,América,1,2,0,215,184,206,294,399,500,363,310,198,246,673,444
Vie,FC Juárez,1–2,Atlas,1,2,0,96,71,107,145,167,252,198,201,207,268,399,475
Vie,Atlético,3–2,Mazatlán,3,2,1,109,106,136,150,215,286,90,76,96,137,166,233
Vie,Puebla,0–2,UNAM,0,2,0,242,188,242,271,430,513,294,206,204,301,500,505
Dom,Toluca,1–1,América,1,1,-1,332,212,216,283,544,499,363,310,198,246,673,444
Dom,Cruz Azul,1–3,Querétaro,1,3,0,264,211,193,227,475,420,215,184,206,294,399,500
Sáb,Guadalajara,0–0,Pachuca,0,0,-1,233,212,204,222,445,426,329,249,197,272,578,469
Sáb,León,1–0,Tijuana,1,0,1,332,240,225,278,572,503,247,160,200,308,407,508
Sáb,UANL,3–0,Monterrey,3,0,1,367,253,189,214,620,403,354,254,181,257,608,438
Dom,Santos,2–5,Necaxa,2,5,0,321,220,214,297,541,511,181,164,174,202,345,376
Mar,Guadalajara,1–3,Mazatlán,1,3,0,233,212,204,222,445,426,90,76,96,137,166,233
Jue,Atlas,2–3,Puebla,2,3,0,198,201,207,268,399,475,242,188,242,271,430,513
Sáb,Pachuca,1–1,Necaxa,1,1,-1,329,249,197,272,578,469,181,164,174,202,345,376
Vie,Querétaro,1–1,León,1,1,-1,215,184,206,294,399,500,332,240,225,278,572,503
Vie,Tijuana,5–1,FC Juárez,5,1,1,247,160,200,308,407,508,96,71,107,145,167,252
Vie,Atlético,1–2,Cruz Azul,1,2,0,109,106,136,150,215,286,264,211,193,227,475,420
Dom,Toluca,1–1,Guadalajara,1,1,-1,332,212,216,283,544,499,233,212,204,222,445,426
Sáb,Mazatlán,2–3,UANL,2,3,0,90,76,96,137,166,233,367,253,189,214,620,403
Sáb,América,1–0,UNAM,1,0,1,363,310,198,246,673,444,294,206,204,301,500,505
Mar,Puebla,1–1,Monterrey,1,1,-1,242,188,242,271,430,513,354,254,181,257,608,438
Mar,América,4–0,Pachuca,4,0,1,363,310,198,246,673,444,329,249,197,272,578,469
Mié,UNAM,4–0,Querétaro,4,0,1,294,206,204,301,500,505,215,184,206,294,399,500
Mié,Necaxa,1–3,Cruz Azul,1,3,0,181,164,174,202,345,376,264,211,193,227,475,420
Mié,Santos,2–1,Tijuana,2,1,1,321,220,214,297,541,511,247,160,200,308,407,508
Mié,UANL,2–2,Toluca,2,2,-1,367,253,189,214,620,403,332,212,216,283,544,499
Sáb,Monterrey,3–1,FC Juárez,3,1,1,354,254,181,257,608,438,96,71,107,145,167,252
Vie,Mazatlán,1–2,América,1,2,0,90,76,96,137,166,233,363,310,198,246,673,444
Dom,Toluca,3–1,Querétaro,3,1,1,332,212,216,283,544,499,215,184,206,294,399,500
Dom,Necaxa,1–2,Puebla,1,2,0,181,164,174,202,345,376,242,188,242,271,430,513
Sáb,Pachuca,1–1,UANL,1,1,-1,329,249,197,272,578,469,367,253,189,214,620,403
Sáb,Guadalajara,4–1,Atlas,4,1,1,233,212,204,222,445,426,198,201,207,268,399,475
Sáb,Cruz Azul,1–4,UNAM,1,4,0,264,211,193,227,475,420,294,206,204,301,500,505
Dom,Tijuana,2–1,Atlético,2,1,1,247,160,200,308,407,508,109,106,136,150,215,286
Dom,Santos,0–2,León,0,2,0,321,220,214,297,541,511,332,240,225,278,572,503
Sáb,León,1–0,Toluca,1,0,1,332,240,225,278,572,503,332,212,216,283,544,499
Vie,FC Juárez,0–1,Pachuca,0,1,0,96,71,107,145,167,252,329,249,197,272,578,469
Vie,Atlas,1–3,Mazatlán,1,3,0,198,201,207,268,399,475,90,76,96,137,166,233
Vie,Puebla,0–2,Guadalajara,0,2,0,242,188,242,271,430,513,233,212,204,222,445,426
Dom,UNAM,0–1,Monterrey,0,1,0,294,206,204,301,500,505,354,254,181,257,608,438
Sáb,América,4–3,Santos,4,3,1,363,310,198,246,673,444,321,220,214,297,541,511
Sáb,Querétaro,1–0,Tijuana,1,0,1,215,184,206,294,399,500,247,160,200,308,407,508
Sáb,UANL,2–1,Cruz Azul,2,1,1,367,253,189,214,620,403,264,211,193,227,475,420
Dom,Atlético,4–0,Necaxa,4,0,1,109,106,136,150,215,286,181,164,174,202,345,376
Mar,León,1–1,Atlas,1,1,-1,332,240,225,278,572,503,198,201,207,268,399,475
Mié,Monterrey,3–1,Tijuana,3,1,1,354,254,181,257,608,438,247,160,200,308,407,508
Mié,FC Juárez,3–2,Atlético,3,2,1,96,71,107,145,167,252,109,106,136,150,215,286
Sáb,Cruz Azul,1–0,León,1,0,1,264,211,193,227,475,420,332,240,225,278,572,503
Vie,Necaxa,1–0,UNAM,1,0,1,181,164,174,202,345,376,294,206,204,301,500,505
Vie,Mazatlán,3–0,Querétaro,3,0,1,90,76,96,137,166,233,215,184,206,294,399,500
Dom,Toluca,3–1,Atlético,3,1,1,332,212,216,283,544,499,109,106,136,150,215,286
Sáb,Pachuca,1–1,Puebla,1,1,-1,329,249,197,272,578,469,242,188,242,271,430,513
Sáb,Guadalajara,0–4,UANL,0,4,0,233,212,204,222,445,426,367,253,189,214,620,403
Sáb,Monterrey,0–3,América,0,3,0,354,254,181,257,608,438,363,310,198,246,673,444
Dom,Santos,5–1,FC Juárez,5,1,1,321,220,214,297,541,511,96,71,107,145,167,252
Dom,Tijuana,2–0,Atlas,2,0,1,247,160,200,308,407,508,198,201,207,268,399,475
Mar,Toluca,0–1,Puebla,0,1,0,332,212,216,283,544,499,242,188,242,271,430,513
Mar,Querétaro,1–2,Guadalajara,1,2,0,215,184,206,294,399,500,233,212,204,222,445,426
Mar,Monterrey,3–0,Necaxa,3,0,1,354,254,181,257,608,438,181,164,174,202,345,376
Mar,León,1–1,UNAM,1,1,-1,332,240,225,278,572,503,294,206,204,301,500,505
Mié,Cruz Azul,2–0,FC Juárez,2,0,1,264,211,193,227,475,420,96,71,107,145,167,252
Mié,Atlas,0–2,Pachuca,0,2,0,198,201,207,268,399,475,329,249,197,272,578,469
Mié,Mazatlán,3–1,Santos,3,1,1,90,76,96,137,166,233,321,220,214,297,541,511
Mié,Tijuana,2–0,UANL,2,0,1,247,160,200,308,407,508,367,253,189,214,620,403
Mié,Atlético,0–1,América,0,1,0,109,106,136,150,215,286,363,310,198,246,673,444
Sáb,UANL,2–2,Atlético,2,2,-1,367,253,189,214,620,403,109,106,136,150,215,286
Vie,Puebla,5–4,León,5,4,1,242,188,242,271,430,513,332,240,225,278,572,503
Dom,UNAM,3–0,Atlas,3,0,1,294,206,204,301,500,505,198,201,207,268,399,475
Dom,Necaxa,4–0,Mazatlán,4,0,1,181,164,174,202,345,376,90,76,96,137,166,233
Sáb,América,3–0,Tijuana,3,0,1,363,310,198,246,673,444,247,160,200,308,407,508
Sáb,Pachuca,0–2,Monterrey,0,2,0,329,249,197,272,578,469,354,254,181,257,608,438
Sáb,Guadalajara,1–0,Cruz Azul,1,0,1,233,212,204,222,445,426,264,211,193,227,475,420
Dom,Santos,3–1,Toluca,3,1,1,321,220,214,297,541,511,332,212,216,283,544,499
Dom,FC Juárez,0–3,Querétaro,0,3,0,96,71,107,145,167,252,215,184,206,294,399,500
Mié,Monterrey,3–0,Santos,3,0,1,354,254,181,257,608,438,321,220,214,297,541,511
Sáb,Querétaro,0–0,Monterrey,0,0,-1,215,184,206,294,399,500,354,254,181,257,608,438
Sáb,Atlético,0–2,Santos,0,2,0,109,106,136,150,215,286,321,220,214,297,541,511
Vie,Mazatlán,1–0,Toluca,1,0,1,90,76,96,137,166,233,332,212,216,283,544,499
Vie,Atlas,0–0,Necaxa,0,0,-1,198,201,207,268,399,475,181,164,174,202,345,376
Vie,Tijuana,2–3,Pachuca,2,3,0,247,160,200,308,407,508,329,249,197,272,578,469
Sáb,UNAM,1–0,Guadalajara,1,0,1,294,206,204,301,500,505,233,212,204,222,445,426
Sáb,UANL,0–0,América,0,0,-1,367,253,189,214,620,403,363,310,198,246,673,444
Dom,Cruz Azul,1–2,Puebla,1,2,0,264,211,193,227,475,420,242,188,242,271,430,513
Dom,León,2–1,FC Juárez,2,1,1,332,240,225,278,572,503,96,71,107,145,167,252
Jue,Atlético,3–2,León,3,2,1,109,106,136,150,215,286,332,240,225,278,572,503
Jue,Santos,2–1,Mazatlán,2,1,1,321,220,214,297,541,511,90,76,96,137,166,233
Dom,León,3–2,Santos,3,2,1,332,240,225,278,572,503,321,220,214,297,541,511
Mié,León,2–2,América,2,2,-1,332,240,225,278,572,503,363,310,198,246,673,444
Mié,Atlético,1–0,Monterrey,1,0,1,109,106,136,150,215,286,354,254,181,257,608,438
Jue,Puebla,2–2,UANL,2,2,-1,242,188,242,271,430,513,367,253,189,214,620,403
Jue,Guadalajara,1–0,UNAM,1,0,1,233,212,204,222,445,426,294,206,204,301,500,505
Sáb,América,2–0,León,2,0,1,363,310,198,246,673,444,332,240,225,278,572,503
Sáb,Monterrey,1–1,Atlético,1,1,-1,354,254,181,257,608,438,109,106,136,150,215,286
Dom,UNAM,3–0,Guadalajara,3,0,1,294,206,204,301,500,505,233,212,204,222,445,426
Dom,UANL,3–0,Puebla,3,0,1,367,253,189,214,620,403,242,188,242,271,430,513
Mié,Atlético,0–5,América,0,5,0,109,106,136,150,215,286,363,310,198,246,673,444
Jue,UNAM,0–1,UANL,0,1,0,294,206,204,301,500,505,367,253,189,214,620,403
Sáb,América,0–2,Atlético,0,2,0,363,310,198,246,673,444,109,106,136,150,215,286
Dom,UANL,1–1,UNAM,1,1,-1,367,253,189,214,620,403,294,206,204,301,500,505
Jue,UANL,1–1,América,1,1,-1,367,253,189,214,620,403,363,310,198,246,673,444
Dom,América,3–0,UANL,3,0,1,363,310,198,246,673,444,367,253,189,214,620,403
Vie,Querétaro,2–2,Toluca,2,2,-1,215,184,206,294,399,500,332,212,216,283,544,499
Vie,Mazatlán,0–1,Atlético,0,1,0,90,76,96,137,166,233,109,106,136,150,215,286
Dom,UNAM,1–0,FC Juárez,1,0,1,294,206,204,301,500,505,96,71,107,145,167,252
Sáb,Cruz Azul,0–1,Pachuca,0,1,0,264,211,193,227,475,420,329,249,197,272,578,469
Sáb,Tijuana,0–2,América,0,2,0,247,160,200,308,407,508,363,310,198,246,673,444
Sáb,Guadalajara,1–1,Santos,1,1,-1,233,212,204,222,445,426,321,220,214,297,541,511
Sáb,Monterrey,2–0,Puebla,2,0,1,354,254,181,257,608,438,242,188,242,271,430,513
Dom,Necaxa,2–1,Atlas,2,1,1,181,164,174,202,345,376,198,201,207,268,399,475
Mié,León,1–2,UANL,1,2,0,332,240,225,278,572,503,367,253,189,214,620,403
Sáb,Toluca,4–1,Mazatlán,4,1,1,332,212,216,283,544,499,90,76,96,137,166,233
Vie,Puebla,1–2,Necaxa,1,2,0,242,188,242,271,430,513,181,164,174,202,345,376
Vie,FC Juárez,0–0,Cruz Azul,0,0,-1,96,71,107,145,167,252,264,211,193,227,475,420
Vie,Atlético,3–1,UNAM,3,1,1,109,106,136,150,215,286,294,206,204,301,500,505
Sáb,América,2–0,Querétaro,2,0,1,363,310,198,246,673,444,215,184,206,294,399,500
Sáb,Atlas,0–0,Tijuana,0,0,-1,198,201,207,268,399,475,247,160,200,308,407,508
Dom,UANL,1–0,Guadalajara,1,0,1,367,253,189,214,620,403,233,212,204,222,445,426
Dom,Santos,0–2,Monterrey,0,2,0,321,220,214,297,541,511,354,254,181,257,608,438
Mié,Monterrey,1–1,Querétaro,1,1,-1,354,254,181,257,608,438,215,184,206,294,399,500
Mié,Atlético,1–2,UANL,1,2,0,109,106,136,150,215,286,367,253,189,214,620,403
Mié,FC Juárez,0–2,América,0,2,0,96,71,107,145,167,252,363,310,198,246,673,444
Sáb,Cruz Azul,2–1,Mazatlán,2,1,1,264,211,193,227,475,420,90,76,96,137,166,233
Sáb,León,3–2,Santos,3,2,1,332,240,225,278,572,503,321,220,214,297,541,511
Vie,Tijuana,1–1,Guadalajara,1,1,-1,247,160,200,308,407,508,233,212,204,222,445,426
Vie,Puebla,1–1,Toluca,1,1,-1,242,188,242,271,430,513,332,212,216,283,544,499
Dom,UNAM,3–1,Pachuca,3,1,1,294,206,204,301,500,505,329,249,197,272,578,469
Sáb,Monterrey,3–1,Atlético,3,1,1,354,254,181,257,608,438,109,106,136,150,215,286
Sáb,Necaxa,0–0,América,0,0,-1,181,164,174,202,345,376,363,310,198,246,673,444
Dom,Atlas,2–1,FC Juárez,2,1,1,198,201,207,268,399,475,96,71,107,145,167,252
Dom,Querétaro,1–1,UANL,1,1,-1,215,184,206,294,399,500,367,253,189,214,620,403
Mar,Mazatlán,2–2,León,2,2,-1,90,76,96,137,166,233,332,240,225,278,572,503
Mar,Cruz Azul,1–0,Tijuana,1,0,1,264,211,193,227,475,420,247,160,200,308,407,508
Mar,Santos,3–0,Puebla,3,0,1,321,220,214,297,541,511,242,188,242,271,430,513
Mar,Guadalajara,3–2,Toluca,3,2,1,233,212,204,222,445,426,332,212,216,283,544,499
Mié,Pachuca,4–3,Atlas,4,3,1,329,249,197,272,578,469,198,201,207,268,399,475
Mié,UNAM,2–2,Necaxa,2,2,-1,294,206,204,301,500,505,181,164,174,202,345,376
Sáb,FC Juárez,2–2,Necaxa,2,2,-1,96,71,107,145,167,252,181,164,174,202,345,376
Sáb,Toluca,4–1,León,4,1,1,332,212,216,283,544,499,332,240,225,278,572,503
Vie,Querétaro,1–3,Cruz Azul,1,3,0,215,184,206,294,399,500,264,211,193,227,475,420
Vie,Puebla,3–2,Mazatlán,3,2,1,242,188,242,271,430,513,90,76,96,137,166,233
Sáb,UANL,2–2,UNAM,2,2,-1,367,253,189,214,620,403,294,206,204,301,500,505
Sáb,Pachuca,3–2,Tijuana,3,2,1,329,249,197,272,578,469,247,160,200,308,407,508
Sáb,América,1–1,Monterrey,1,1,-1,363,310,198,246,673,444,354,254,181,257,608,438
Dom,Atlas,3–0,Santos,3,0,1,198,201,207,268,399,475,321,220,214,297,541,511
Dom,Atlético,0–2,Guadalajara,0,2,0,109,106,136,150,215,286,233,212,204,222,445,426
Mié,Pachuca,3–2,León,3,2,1,329,249,197,272,578,469,332,240,225,278,572,503
Sáb,Necaxa,3–3,Toluca,3,3,-1,181,164,174,202,345,376,332,212,216,283,544,499
Sáb,Guadalajara,2–1,FC Juárez,2,1,1,233,212,204,222,445,426,96,71,107,145,167,252
Vie,Mazatlán,2–0,Atlas,2,0,1,90,76,96,137,166,233,198,201,207,268,399,475
Vie,Tijuana,1–1,Querétaro,1,1,-1,247,160,200,308,407,508,215,184,206,294,399,500
Dom,UNAM,3–0,Puebla,3,0,1,294,206,204,301,500,505,242,188,242,271,430,513
Sáb,León,0–1,América,0,1,0,332,240,225,278,572,503,363,310,198,246,673,444
Sáb,Cruz Azul,3–0,Atlético,3,0,1,264,211,193,227,475,420,109,106,136,150,215,286
Sáb,Monterrey,3–2,Pachuca,3,2,1,354,254,181,257,608,438,329,249,197,272,578,469
Sáb,Santos,0–3,UANL,0,3,0,321,220,214,297,541,511,367,253,189,214,620,403
Mié,Atlas,0–0,UNAM,0,0,-1,198,201,207,268,399,475,294,206,204,301,500,505
Sáb,Atlético,3–3,Tijuana,3,3,-1,109,106,136,150,215,286,247,160,200,308,407,508
Vie,Querétaro,1–1,Necaxa,1,1,-1,215,184,206,294,399,500,181,164,174,202,345,376
Vie,Mazatlán,2–2,Guadalajara,2,2,-1,90,76,96,137,166,233,233,212,204,222,445,426
Dom,Atlas,0–1,León,0,1,0,198,201,207,268,399,475,332,240,225,278,572,503
Sáb,Pachuca,2–1,América,2,1,1,329,249,197,272,578,469,363,310,198,246,673,444
Sáb,Cruz Azul,1–0,UANL,1,0,1,264,211,193,227,475,420,367,253,189,214,620,403
Dom,UNAM,3–0,Santos,3,0,1,294,206,204,301,500,505,321,220,214,297,541,511
Dom,Monterrey,0–0,Toluca,0,0,-1,354,254,181,257,608,438,332,212,216,283,544,499
Mar,Puebla,1–4,Pachuca,1,4,0,242,188,242,271,430,513,329,249,197,272,578,469
Mar,Necaxa,1–0,Guadalajara,1,0,1,181,164,174,202,345,376,233,212,204,222,445,426
Mié,Toluca,1–0,Santos,1,0,1,332,212,216,283,544,499,321,220,214,297,541,511
Mié,León,2–3,Cruz Azul,2,3,0,332,240,225,278,572,503,264,211,193,227,475,420
Mié,América,2–2,Mazatlán,2,2,-1,363,310,198,246,673,444,90,76,96,137,166,233
Sáb,León,1–0,Atlético,1,0,1,332,240,225,278,572,503,109,106,136,150,215,286
Vie,Puebla,0–2,Querétaro,0,2,0,242,188,242,271,430,513,215,184,206,294,399,500
Vie,FC Juárez,0–3,Monterrey,0,3,0,96,71,107,145,167,252,354,254,181,257,608,438
Vie,Necaxa,1–1,Pachuca,1,1,-1,181,164,174,202,345,376,329,249,197,272,578,469
Dom,Toluca,2–0,Tijuana,2,0,1,332,212,216,283,544,499,247,160,200,308,407,508
Sáb,UANL,1–1,Atlas,1,1,-1,367,253,189,214,620,403,198,201,207,268,399,475
Sáb,Guadalajara,3–1,UNAM,3,1,1,233,212,204,222,445,426,294,206,204,301,500,505
Sáb,América,1–0,Cruz Azul,1,0,1,363,310,198,246,673,444,264,211,193,227,475,420
Dom,Santos,1–0,Mazatlán,1,0,1,321,220,214,297,541,511,90,76,96,137,166,233
Mar,Querétaro,4–1,Atlético,4,1,1,215,184,206,294,399,500,109,106,136,150,215,286
Mié,Tijuana,1–1,Monterrey,1,1,-1,247,160,200,308,407,508,354,254,181,257,608,438
Mié,UANL,1–0,FC Juárez,1,0,1,367,253,189,214,620,403,96,71,107,145,167,252
Sáb,Toluca,2–1,UANL,2,1,1,332,212,216,283,544,499,367,253,189,214,620,403
Vie,Atlético,4–0,Puebla,4,0,1,109,106,136,150,215,286,242,188,242,271,430,513
Vie,Querétaro,0–1,Santos,0,1,0,215,184,206,294,399,500,321,220,214,297,541,511
Vie,Mazatlán,2–1,Necaxa,2,1,1,90,76,96,137,166,233,181,164,174,202,345,376
Sáb,Pachuca,3–2,FC Juárez,3,2,1,329,249,197,272,578,469,96,71,107,145,167,252
Sáb,Cruz Azul,3–0,Guadalajara,3,0,1,264,211,193,227,475,420,233,212,204,222,445,426
Sáb,Atlas,1–5,América,1,5,0,198,201,207,268,399,475,363,310,198,246,673,444
Dom,Monterrey,3–0,UNAM,3,0,1,354,254,181,257,608,438,294,206,204,301,500,505
Dom,Tijuana,1–1,León,1,1,-1,247,160,200,308,407,508,332,240,225,278,572,503
Sáb,Guadalajara,1–2,León,1,2,0,233,212,204,222,445,426,332,240,225,278,572,503
Vie,Puebla,2–2,Atlas,2,2,-1,242,188,242,271,430,513,198,201,207,268,399,475
Vie,FC Juárez,1–1,Toluca,1,1,-1,96,71,107,145,167,252,332,212,216,283,544,499
Vie,Necaxa,3–1,Atlético,3,1,1,181,164,174,202,345,376,109,106,136,150,215,286
Dom,UNAM,3–3,Tijuana,3,3,-1,294,206,204,301,500,505,247,160,200,308,407,508
Sáb,Santos,3–0,Cruz Azul,3,0,1,321,220,214,297,541,511,264,211,193,227,475,420
Sáb,Pachuca,1–2,Querétaro,1,2,0,329,249,197,272,578,469,215,184,206,294,399,500
Sáb,América,2–0,UANL,2,0,1,363,310,198,246,673,444,367,253,189,214,620,403
Dom,Monterrey,2–1,Mazatlán,2,1,1,354,254,181,257,608,438,90,76,96,137,166,233
Sáb,Cruz Azul,1–2,Necaxa,1,2,0,264,211,193,227,475,420,181,164,174,202,345,376
Vie,Querétaro,1–0,FC Juárez,1,0,1,215,184,206,294,399,500,96,71,107,145,167,252
Vie,Tijuana,2–2,Santos,2,2,-1,247,160,200,308,407,508,321,220,214,297,541,511
Dom,Atlas,1–2,Monterrey,1,2,0,198,201,207,268,399,475,354,254,181,257,608,438
Sáb,León,2–1,Puebla,2,1,1,332,240,225,278,572,503,242,188,242,271,430,513
Sáb,UANL,5–1,Mazatlán,5,1,1,367,253,189,214,620,403,90,76,96,137,166,233
Sáb,Guadalajara,0–0,América,0,0,-1,233,212,204,222,445,426,363,310,198,246,673,444
Dom,Atlético,2–1,Pachuca,2,1,1,109,106,136,150,215,286,329,249,197,272,578,469
Dom,Toluca,3–0,UNAM,3,0,1,332,212,216,283,544,499,294,206,204,301,500,505
Sáb,FC Juárez,4–3,Puebla,4,3,1,96,71,107,145,167,252,242,188,242,271,430,513
Vie,Puebla,2–3,UANL,2,3,0,242,188,242,271,430,513,367,253,189,214,620,403
Vie,Mazatlán,2–0,Tijuana,2,0,1,90,76,96,137,166,233,247,160,200,308,407,508
Vie,América,2–1,Atlético,2,1,1,363,310,198,246,673,444,109,106,136,150,215,286
Dom,Atlas,2–3,Querétaro,2,3,0,198,201,207,268,399,475,215,184,206,294,399,500
Sáb,Monterrey,0–2,Guadalajara,0,2,0,354,254,181,257,608,438,233,212,204,222,445,426
Sáb,Pachuca,2–3,Toluca,2,3,0,329,249,197,272,578,469,332,212,216,283,544,499
Sáb,UNAM,0–0,Cruz Azul,0,0,-1,294,206,204,301,500,505,264,211,193,227,475,420
Dom,Necaxa,1–2,León,1,2,0,181,164,174,202,345,376,332,240,225,278,572,503
Dom,FC Juárez,2–1,Santos,2,1,1,96,71,107,145,167,252,321,220,214,297,541,511
Sáb,León,0–2,Querétaro,0,2,0,332,240,225,278,572,503,215,184,206,294,399,500
Vie,Mazatlán,0–4,UNAM,0,4,0,90,76,96,137,166,233,294,206,204,301,500,505
Vie,Tijuana,2–3,Necaxa,2,3,0,247,160,200,308,407,508,181,164,174,202,345,376
Dom,Toluca,4–1,Atlas,4,1,1,332,212,216,283,544,499,198,201,207,268,399,475
Sáb,UANL,0–3,Pachuca,0,3,0,367,253,189,214,620,403,329,249,197,272,578,469
Sáb,Guadalajara,3–2,Puebla,3,2,1,233,212,204,222,445,426,242,188,242,271,430,513
Sáb,Santos,1–1,América,1,1,-1,321,220,214,297,541,511,363,310,198,246,673,444
Sáb,Cruz Azul,2–1,Monterrey,2,1,1,264,211,193,227,475,420,354,254,181,257,608,438
Lun,Atlético,2–3,FC Juárez,2,3,0,109,106,136,150,215,286,96,71,107,145,167,252
Sáb,Pachuca,0–1,Guadalajara,0,1,0,329,249,197,272,578,469,233,212,204,222,445,426
Vie,Querétaro,0–2,Mazatlán,0,2,0,215,184,206,294,399,500,90,76,96,137,166,233
Vie,Puebla,0–1,Cruz Azul,0,1,0,242,188,242,271,430,513,264,211,193,227,475,420
Vie,Necaxa,2–0,Santos,2,0,1,181,164,174,202,345,376,321,220,214,297,541,511
Sáb,América,5–1,Toluca,5,1,1,363,310,198,246,673,444,332,212,216,283,544,499
Sáb,Monterrey,3–3,UANL,3,3,-1,354,254,181,257,608,438,367,253,189,214,620,403
Dom,Atlas,2–1,Atlético,2,1,1,198,201,207,268,399,475,109,106,136,150,215,286
Dom,UNAM,1–0,León,1,0,1,294,206,204,301,500,505,332,240,225,278,572,503
Dom,FC Juárez,0–1,Tijuana,0,1,0,96,71,107,145,167,252,247,160,200,308,407,508
Sáb,León,2–0,Monterrey,2,0,1,332,240,225,278,572,503,354,254,181,257,608,438
Vie,Mazatlán,0–2,FC Juárez,0,2,0,90,76,96,137,166,233,96,71,107,145,167,252
Vie,Tijuana,3–1,Puebla,3,1,1,247,160,200,308,407,508,242,188,242,271,430,513
Vie,Atlético,1–5,Toluca,1,5,0,109,106,136,150,215,286,332,212,216,283,544,499
Sáb,UANL,5–2,Necaxa,5,2,1,367,253,189,214,620,403,181,164,174,202,345,376
Sáb,Guadalajara,2–0,Querétaro,2,0,1,233,212,204,222,445,426,215,184,206,294,399,500
Sáb,Santos,0–2,Pachuca,0,2,0,321,220,214,297,541,511,329,249,197,272,578,469
Sáb,UNAM,2–1,América,2,1,1,294,206,204,301,500,505,363,310,198,246,673,444
Dom,Cruz Azul,2–2,Atlas,2,2,-1,264,211,193,227,475,420,198,201,207,268,399,475
Sáb,FC Juárez,1–1,León,1,1,-1,96,71,107,145,167,252,332,240,225,278,572,503
Vie,Puebla,1–2,América,1,2,0,242,188,242,271,430,513,363,310,198,246,673,444
Vie,Querétaro,1–1,UNAM,1,1,-1,215,184,206,294,399,500,294,206,204,301,500,505
Sáb,Toluca,0–1,Cruz Azul,0,1,0,332,212,216,283,544,499,264,211,193,227,475,420
Sáb,UANL,4–1,Tijuana,4,1,1,367,253,189,214,620,403,247,160,200,308,407,508
Sáb,Pachuca,1–1,Mazatlán,1,1,-1,329,249,197,272,578,469,90,76,96,137,166,233
Sáb,Atlas,0–1,Guadalajara,0,1,0,198,201,207,268,399,475,233,212,204,222,445,426
Dom,Necaxa,2–5,Monterrey,2,5,0,181,164,174,202,345,376,354,254,181,257,608,438
Dom,Santos,0–3,Atlético,0,3,0,321,220,214,297,541,511,109,106,136,150,215,286
Jue,Necaxa,1–1,Querétaro,1,1,-1,181,164,174,202,345,376,215,184,206,294,399,500
Jue,Pachuca,0–0,UNAM,0,0,-1,329,249,197,272,578,469,294,206,204,301,500,505
Dom,Pachuca,2–1,Necaxa,2,1,1,329,249,197,272,578,469,181,164,174,202,345,376
Mié,Guadalajara,1–0,Toluca,1,0,1,233,212,204,222,445,426,332,212,216,283,544,499
Mié,Pachuca,1–1,América,1,1,-1,329,249,197,272,578,469,363,310,198,246,673,444
Jue,UNAM,0–2,Cruz Azul,0,2,0,294,206,204,301,500,505,264,211,193,227,475,420
Jue,UANL,1–2,Monterrey,1,2,0,367,253,189,214,620,403,354,254,181,257,608,438
Sáb,América,1–1,Pachuca,1,1,-1,363,310,198,246,673,444,329,249,197,272,578,469
Sáb,Toluca,0–0,Guadalajara,0,0,-1,332,212,216,283,544,499,233,212,204,222,445,426
Dom,Cruz Azul,2–2,UNAM,2,2,-1,264,211,193,227,475,420,294,206,204,301,500,505
Dom,Monterrey,1–1,UANL,1,1,-1,354,254,181,257,608,438,367,253,189,214,620,403
Mié,Guadalajara,0–0,América,0,0,-1,233,212,204,222,445,426,363,310,198,246,673,444
Jue,Monterrey,0–1,Cruz Azul,0,1,0,354,254,181,257,608,438,264,211,193,227,475,420
Sáb,América,1–0,Guadalajara,1,0,1,363,310,198,246,673,444,233,212,204,222,445,426
Dom,Cruz Azul,1–2,Monterrey,1,2,0,264,211,193,227,475,420,354,254,181,257,608,438
Jue,Cruz Azul,1–1,América,1,1,-1,264,211,193,227,475,420,363,310,198,246,673,444
Dom,América,1–0,Cruz Azul,1,0,1,363,310,198,246,673,444,264,211,193,227,475,420
Sáb,Cruz Azul,3–0,Puebla,3,0,1,264,211,193,227,475,420,242,188,242,271,430,513
Vie,Veracruz,0–2,UNAM,0,2,0,109,69,138,191,178,329,294,206,204,301,500,505
Vie,Atlas,0–0,Querétaro,0,0,-1,198,201,207,268,399,475,215,184,206,294,399,500
Dom,Toluca,2–0,Morelia,2,0,1,332,212,216,283,544,499,148,138,147,177,286,324
Dom,Santos,2–1,Lobos BUAP,2,1,1,321,220,214,297,541,511,47,35,50,73,82,123
Sáb,Tijuana,2–1,Guadalajara,2,1,1,247,160,200,308,407,508,233,212,204,222,445,426
Sáb,Pachuca,0–1,Monterrey,0,1,0,329,249,197,272,578,469,354,254,181,257,608,438
Sáb,UANL,2–0,León,2,0,1,367,253,189,214,620,403,332,240,225,278,572,503
Dom,Necaxa,2–1,América,2,1,1,181,164,174,202,345,376,363,310,198,246,673,444
Sáb,Querétaro,1–0,Pachuca,1,0,1,215,184,206,294,399,500,329,249,197,272,578,469
Vie,Morelia,3–1,Santos,3,1,1,148,138,147,177,286,324,321,220,214,297,541,511
Vie,Puebla,2–1,Toluca,2,1,1,242,188,242,271,430,513,332,212,216,283,544,499
Dom,UNAM,5–3,Necaxa,5,3,1,294,206,204,301,500,505,181,164,174,202,345,376
Dom,Lobos BUAP,2–0,Veracruz,2,0,1,47,35,50,73,82,123,109,69,138,191,178,329
Dom,UANL,1–0,Tijuana,1,0,1,367,253,189,214,620,403,247,160,200,308,407,508
Sáb,América,3–0,Atlas,3,0,1,363,310,198,246,673,444,198,201,207,268,399,475
Sáb,Guadalajara,0–1,Cruz Azul,0,1,0,233,212,204,222,445,426,264,211,193,227,475,420
Dom,León,0–2,Monterrey,0,2,0,332,240,225,278,572,503,354,254,181,257,608,438
Sáb,Necaxa,1–0,Lobos BUAP,1,0,1,181,164,174,202,345,376,47,35,50,73,82,123
Vie,Veracruz,2–2,Morelia,2,2,-1,109,69,138,191,178,329,148,138,147,177,286,324
Vie,Atlas,0–3,UNAM,0,3,0,198,201,207,268,399,475,294,206,204,301,500,505
Dom,Toluca,2–2,Guadalajara,2,2,-1,332,212,216,283,544,499,233,212,204,222,445,426
Dom,Santos,2–0,Puebla,2,0,1,321,220,214,297,541,511,242,188,242,271,430,513
Sáb,Pachuca,1–3,América,1,3,0,329,249,197,272,578,469,363,310,198,246,673,444
Sáb,Cruz Azul,1–0,UANL,1,0,1,264,211,193,227,475,420,367,253,189,214,620,403
Sáb,Monterrey,2–1,Querétaro,2,1,1,354,254,181,257,608,438,215,184,206,294,399,500
Dom,Tijuana,1–1,León,1,1,-1,247,160,200,308,407,508,332,240,225,278,572,503
Sáb,Lobos BUAP,0–0,Atlas,0,0,-1,47,35,50,73,82,123,198,201,207,268,399,475
Vie,Puebla,1–2,Veracruz,1,2,0,242,188,242,271,430,513,109,69,138,191,178,329
Vie,Morelia,2–1,Necaxa,2,1,1,148,138,147,177,286,324,181,164,174,202,345,376
Dom,UNAM,0–0,Pachuca,0,0,-1,294,206,204,301,500,505,329,249,197,272,578,469
Dom,Guadalajara,1–2,Santos,1,2,0,233,212,204,222,445,426,321,220,214,297,541,511
Sáb,León,4–0,Querétaro,4,0,1,332,240,225,278,572,503,215,184,206,294,399,500
Sáb,UANL,1–2,Toluca,1,2,0,367,253,189,214,620,403,332,212,216,283,544,499
Sáb,América,3–0,Monterrey,3,0,1,363,310,198,246,673,444,354,254,181,257,608,438
Dom,Tijuana,1–1,Cruz Azul,1,1,-1,247,160,200,308,407,508,264,211,193,227,475,420
Sáb,Cruz Azul,3–0,León,3,0,1,264,211,193,227,475,420,332,240,225,278,572,503
Vie,Veracruz,0–2,Guadalajara,0,2,0,109,69,138,191,178,329,233,212,204,222,445,426
Vie,Atlas,0–1,Morelia,0,1,0,198,201,207,268,399,475,148,138,147,177,286,324
Dom,Toluca,3–0,Tijuana,3,0,1,332,212,216,283,544,499,247,160,200,308,407,508
Dom,Santos,3–1,UANL,3,1,1,321,220,214,297,541,511,367,253,189,214,620,403
Sáb,Pachuca,3–0,Lobos BUAP,3,0,1,329,249,197,272,578,469,47,35,50,73,82,123
Sáb,Necaxa,2–2,Puebla,2,2,-1,181,164,174,202,345,376,242,188,242,271,430,513
Sáb,Querétaro,1–1,América,1,1,-1,215,184,206,294,399,500,363,310,198,246,673,444
Sáb,Monterrey,1–0,UNAM,1,0,1,354,254,181,257,608,438,294,206,204,301,500,505
Mar,UNAM,0–1,Querétaro,0,1,0,294,206,204,301,500,505,215,184,206,294,399,500
Mar,Morelia,1–1,Pachuca,1,1,-1,148,138,147,177,286,324,329,249,197,272,578,469
Mar,Puebla,2–0,Atlas,2,0,1,242,188,242,271,430,513,198,201,207,268,399,475
Mar,Guadalajara,1–0,Necaxa,1,0,1,233,212,204,222,445,426,181,164,174,202,345,376
Mié,Cruz Azul,1–0,Toluca,1,0,1,264,211,193,227,475,420,332,212,216,283,544,499
Mié,León,2–0,América,2,0,1,332,240,225,278,572,503,363,310,198,246,673,444
Mié,Tijuana,2–2,Santos,2,2,-1,247,160,200,308,407,508,321,220,214,297,541,511
Mié,UANL,4–0,Veracruz,4,0,1,367,253,189,214,620,403,109,69,138,191,178,329
Mié,Lobos BUAP,1–2,Monterrey,1,2,0,47,35,50,73,82,123,354,254,181,257,608,438
Sáb,Pachuca,2–0,Puebla,2,0,1,329,249,197,272,578,469,242,188,242,271,430,513
Vie,Atlas,0–1,Guadalajara,0,1,0,198,201,207,268,399,475,233,212,204,222,445,426
Dom,Querétaro,2–0,Lobos BUAP,2,0,1,215,184,206,294,399,500,47,35,50,73,82,123
Dom,Toluca,1–2,León,1,2,0,332,212,216,283,544,499,332,240,225,278,572,503
Dom,Santos,1–1,Cruz Azul,1,1,-1,321,220,214,297,541,511,264,211,193,227,475,420
Sáb,América,2–2,UNAM,2,2,-1,363,310,198,246,673,444,294,206,204,301,500,505
Sáb,Veracruz,1–0,Tijuana,1,0,1,109,69,138,191,178,329,247,160,200,308,407,508
Sáb,Necaxa,1–1,UANL,1,1,-1,181,164,174,202,345,376,367,253,189,214,620,403
Sáb,Monterrey,2–2,Morelia,2,2,-1,354,254,181,257,608,438,148,138,147,177,286,324
Sáb,Cruz Azul,4–1,Veracruz,4,1,1,264,211,193,227,475,420,109,69,138,191,178,329
Vie,Morelia,1–4,Querétaro,1,4,0,148,138,147,177,286,324,215,184,206,294,399,500
Vie,Tijuana,1–0,Necaxa,1,0,1,247,160,200,308,407,508,181,164,174,202,345,376
Vie,Puebla,2–1,Monterrey,2,1,1,242,188,242,271,430,513,354,254,181,257,608,438
Dom,Toluca,2–1,Santos,2,1,1,332,212,216,283,544,499,321,220,214,297,541,511
Dom,Lobos BUAP,0–2,América,0,2,0,47,35,50,73,82,123,363,310,198,246,673,444
Sáb,UANL,3–1,Atlas,3,1,1,367,253,189,214,620,403,198,201,207,268,399,475
Sáb,León,1–2,UNAM,1,2,0,332,240,225,278,572,503,294,206,204,301,500,505
Sáb,Guadalajara,1–3,Pachuca,1,3,0,233,212,204,222,445,426,329,249,197,272,578,469
Sáb,Querétaro,0–1,Puebla,0,1,0,215,184,206,294,399,500,242,188,242,271,430,513
Vie,Veracruz,2–3,Toluca,2,3,0,109,69,138,191,178,329,332,212,216,283,544,499
Dom,UNAM,4–2,Lobos BUAP,4,2,1,294,206,204,301,500,505,47,35,50,73,82,123
Dom,Santos,3–0,León,3,0,1,321,220,214,297,541,511,332,240,225,278,572,503
Dom,Atlas,0–1,Tijuana,0,1,0,198,201,207,268,399,475,247,160,200,308,407,508
Sáb,Pachuca,1–1,UANL,1,1,-1,329,249,197,272,578,469,367,253,189,214,620,403
Sáb,América,2–1,Morelia,2,1,1,363,310,198,246,673,444,148,138,147,177,286,324
Sáb,Necaxa,2–0,Cruz Azul,2,0,1,181,164,174,202,345,376,264,211,193,227,475,420
Sáb,Monterrey,2–4,Guadalajara,2,4,0,354,254,181,257,608,438,233,212,204,222,445,426
Sáb,Toluca,3–2,Necaxa,3,2,1,332,212,216,283,544,499,181,164,174,202,345,376
Vie,Morelia,0–0,UNAM,0,0,-1,148,138,147,177,286,324,294,206,204,301,500,505
Vie,Puebla,2–3,América,2,3,0,242,188,242,271,430,513,363,310,198,246,673,444
Dom,Guadalajara,1–1,Querétaro,1,1,-1,233,212,204,222,445,426,215,184,206,294,399,500
Dom,Santos,1–1,Veracruz,1,1,-1,321,220,214,297,541,511,109,69,138,191,178,329
Sáb,León,0–1,Lobos BUAP,0,1,0,332,240,225,278,572,503,47,35,50,73,82,123
Sáb,Tijuana,1–0,Pachuca,1,0,1,247,160,200,308,407,508,329,249,197,272,578,469
Sáb,Cruz Azul,2–0,Atlas,2,0,1,264,211,193,227,475,420,198,201,207,268,399,475
Dom,UANL,0–0,Monterrey,0,0,-1,367,253,189,214,620,403,354,254,181,257,608,438
Sáb,Querétaro,0–2,UANL,0,2,0,215,184,206,294,399,500,367,253,189,214,620,403
Vie,Veracruz,0–4,León,0,4,0,109,69,138,191,178,329,332,240,225,278,572,503
Vie,Atlas,2–0,Toluca,2,0,1,198,201,207,268,399,475,332,212,216,283,544,499
Dom,UNAM,2–2,Puebla,2,2,-1,294,206,204,301,500,505,242,188,242,271,430,513
Dom,Lobos BUAP,3–1,Morelia,3,1,1,47,35,50,73,82,123,148,138,147,177,286,324
Dom,América,1–1,Guadalajara,1,1,-1,363,310,198,246,673,444,233,212,204,222,445,426
Sáb,Pachuca,3–1,Cruz Azul,3,1,1,329,249,197,272,578,469,264,211,193,227,475,420
Sáb,Necaxa,0–1,Santos,0,1,0,181,164,174,202,345,376,321,220,214,297,541,511
Sáb,Monterrey,3–0,Tijuana,3,0,1,354,254,181,257,608,438,247,160,200,308,407,508
Sáb,Cruz Azul,2–1,Monterrey,2,1,1,264,211,193,227,475,420,354,254,181,257,608,438
Vie,Santos,3–1,Atlas,3,1,1,321,220,214,297,541,511,198,201,207,268,399,475
Vie,Veracruz,0–0,Necaxa,0,0,-1,109,69,138,191,178,329,181,164,174,202,345,376
Dom,Toluca,2–1,Pachuca,2,1,1,332,212,216,283,544,499,329,249,197,272,578,469
Dom,Puebla,2–2,Lobos BUAP,2,2,-1,242,188,242,271,430,513,47,35,50,73,82,123
Sáb,UANL,2–3,América,2,3,0,367,253,189,214,620,403,363,310,198,246,673,444
Sáb,León,1–2,Morelia,1,2,0,332,240,225,278,572,503,148,138,147,177,286,324
Sáb,Tijuana,1–1,Querétaro,1,1,-1,247,160,200,308,407,508,215,184,206,294,399,500
Sáb,Guadalajara,1–2,UNAM,1,2,0,233,212,204,222,445,426,294,206,204,301,500,505
Sáb,Querétaro,2–0,Cruz Azul,2,0,1,215,184,206,294,399,500,264,211,193,227,475,420
Vie,Atlas,4–3,Veracruz,4,3,1,198,201,207,268,399,475,109,69,138,191,178,329
Dom,Lobos BUAP,1–1,Guadalajara,1,1,-1,47,35,50,73,82,123,233,212,204,222,445,426
Dom,UNAM,3–3,UANL,3,3,-1,294,206,204,301,500,505,367,253,189,214,620,403
Dom,Morelia,2–0,Puebla,2,0,1,148,138,147,177,286,324,242,188,242,271,430,513
Sáb,América,3–0,Tijuana,3,0,1,363,310,198,246,673,444,247,160,200,308,407,508
Sáb,Pachuca,1–1,Santos,1,1,-1,329,249,197,272,578,469,321,220,214,297,541,511
Sáb,Necaxa,0–2,León,0,2,0,181,164,174,202,345,376,332,240,225,278,572,503
Sáb,Monterrey,2–1,Toluca,2,1,1,354,254,181,257,608,438,332,212,216,283,544,499
Sáb,Necaxa,2–2,Atlas,2,2,-1,181,164,174,202,345,376,198,201,207,268,399,475
Vie,Santos,1–0,Monterrey,1,0,1,321,220,214,297,541,511,354,254,181,257,608,438
Vie,Veracruz,2–3,Pachuca,2,3,0,109,69,138,191,178,329,329,249,197,272,578,469
Dom,Toluca,4–0,Querétaro,4,0,1,332,212,216,283,544,499,215,184,206,294,399,500
Sáb,Tijuana,0–1,UNAM,0,1,0,247,160,200,308,407,508,294,206,204,301,500,505
Sáb,UANL,2–2,Lobos BUAP,2,2,-1,367,253,189,214,620,403,47,35,50,73,82,123
Sáb,Guadalajara,1–2,Morelia,1,2,0,233,212,204,222,445,426,148,138,147,177,286,324
Sáb,Cruz Azul,0–0,América,0,0,-1,264,211,193,227,475,420,363,310,198,246,673,444
Dom,León,0–4,Puebla,0,4,0,332,240,225,278,572,503,242,188,242,271,430,513
Sáb,Pachuca,6–2,Necaxa,6,2,1,329,249,197,272,578,469,181,164,174,202,345,376
Vie,Morelia,0–2,UANL,0,2,0,148,138,147,177,286,324,367,253,189,214,620,403
Vie,Puebla,2–2,Guadalajara,2,2,-1,242,188,242,271,430,513,233,212,204,222,445,426
Dom,UNAM,1–2,Cruz Azul,1,2,0,294,206,204,301,500,505,264,211,193,227,475,420
Dom,Querétaro,2–1,Santos,2,1,1,215,184,206,294,399,500,321,220,214,297,541,511
Sáb,América,1–1,Toluca,1,1,-1,363,310,198,246,673,444,332,212,216,283,544,499
Sáb,Monterrey,2–0,Veracruz,2,0,1,354,254,181,257,608,438,109,69,138,191,178,329
Sáb,Lobos BUAP,3–1,Tijuana,3,1,1,47,35,50,73,82,123,247,160,200,308,407,508
Dom,Atlas,0–0,León,0,0,-1,198,201,207,268,399,475,332,240,225,278,572,503
Sáb,Cruz Azul,2–1,Lobos BUAP,2,1,1,264,211,193,227,475,420,47,35,50,73,82,123
Vie,Veracruz,2–2,Querétaro,2,2,-1,109,69,138,191,178,329,215,184,206,294,399,500
Vie,Atlas,0–0,Pachuca,0,0,-1,198,201,207,268,399,475,329,249,197,272,578,469
Dom,Toluca,0–1,UNAM,0,1,0,332,212,216,283,544,499,294,206,204,301,500,505
Sáb,Tijuana,2–3,Morelia,2,3,0,247,160,200,308,407,508,148,138,147,177,286,324
Sáb,León,0–1,Guadalajara,0,1,0,332,240,225,278,572,503,233,212,204,222,445,426
Sáb,UANL,6–1,Puebla,6,1,1,367,253,189,214,620,403,242,188,242,271,430,513
Sáb,Necaxa,1–1,Monterrey,1,1,-1,181,164,174,202,345,376,354,254,181,257,608,438
Dom,Santos,1–1,América,1,1,-1,321,220,214,297,541,511,363,310,198,246,673,444
Sáb,Querétaro,1–0,Necaxa,1,0,1,215,184,206,294,399,500,181,164,174,202,345,376
Vie,Morelia,0–2,Cruz Azul,0,2,0,148,138,147,177,286,324,264,211,193,227,475,420
Vie,Puebla,0–0,Tijuana,0,0,-1,242,188,242,271,430,513,247,160,200,308,407,508
Dom,UNAM,1–1,Santos,1,1,-1,294,206,204,301,500,505,321,220,214,297,541,511
Dom,Lobos BUAP,2–0,Toluca,2,0,1,47,35,50,73,82,123,332,212,216,283,544,499
Sáb,América,4–1,Veracruz,4,1,1,363,310,198,246,673,444,109,69,138,191,178,329
Sáb,Pachuca,1–1,León,1,1,-1,329,249,197,272,578,469,332,240,225,278,572,503
Sáb,Guadalajara,0–1,UANL,0,1,0,233,212,204,222,445,426,367,253,189,214,620,403
Sáb,Monterrey,3–1,Atlas,3,1,1,354,254,181,257,608,438,198,201,207,268,399,475
Mié,Querétaro,0–2,Cruz Azul,0,2,0,215,184,206,294,399,500,264,211,193,227,475,420
Mié,Monterrey,1–0,Santos,1,0,1,354,254,181,257,608,438,321,220,214,297,541,511
Jue,Toluca,2–2,América,2,2,-1,332,212,216,283,544,499,363,310,198,246,673,444
Jue,UANL,2–1,UNAM,2,1,1,367,253,189,214,620,403,294,206,204,301,500,505
Dom,UNAM,3–1,UANL,3,1,1,294,206,204,301,500,505,367,253,189,214,620,403
Sáb,Cruz Azul,1–1,Querétaro,1,1,-1,264,211,193,227,475,420,215,184,206,294,399,500
Sáb,Santos,0–2,Monterrey,0,2,0,321,220,214,297,541,511,354,254,181,257,608,438
Dom,América,3–2,Toluca,3,2,1,363,310,198,246,673,444,332,212,216,283,544,499
Mié,Monterrey,1–0,Cruz Azul,1,0,1,354,254,181,257,608,438,264,211,193,227,475,420
Jue,UNAM,1–1,América,1,1,-1,294,206,204,301,500,505,363,310,198,246,673,444
Sáb,Cruz Azul,1–0,Monterrey,1,0,1,264,211,193,227,475,420,354,254,181,257,608,438
Dom,América,6–1,UNAM,6,1,1,363,310,198,246,673,444,294,206,204,301,500,505
Jue,América,0–0,Cruz Azul,0,0,-1,363,310,198,246,673,444,264,211,193,227,475,420
Dom,Cruz Azul,0–2,América,0,2,0,264,211,193,227,475,420,363,310,198,246,673,444
Sáb,Querétaro,1–2,Atlas,1,2,0,215,184,206,294,399,500,198,201,207,268,399,475
Sáb,Monterrey,5–0,Pachuca,5,0,1,354,254,181,257,608,438,329,249,197,272,578,469
Vie,Morelia,1–3,Toluca,1,3,0,148,138,147,177,286,324,332,212,216,283,544,499
Vie,Puebla,1–1,Cruz Azul,1,1,-1,242,188,242,271,430,513,264,211,193,227,475,420
Dom,UNAM,0–0,Veracruz,0,0,-1,294,206,204,301,500,505,109,69,138,191,178,329
Dom,Lobos BUAP,2–0,Santos,2,0,1,47,35,50,73,82,123,321,220,214,297,541,511
Sáb,León,2–2,UANL,2,2,-1,332,240,225,278,572,503,367,253,189,214,620,403
Sáb,Guadalajara,2–0,Tijuana,2,0,1,233,212,204,222,445,426,247,160,200,308,407,508
Sáb,Monterrey,2–2,León,2,2,-1,354,254,181,257,608,438,332,240,225,278,572,503
Vie,Veracruz,0–1,Lobos BUAP,0,1,0,109,69,138,191,178,329,47,35,50,73,82,123
Vie,Atlas,1–2,América,1,2,0,198,201,207,268,399,475,363,310,198,246,673,444
Dom,Toluca,2–0,Puebla,2,0,1,332,212,216,283,544,499,242,188,242,271,430,513
Sáb,Cruz Azul,0–1,Guadalajara,0,1,0,264,211,193,227,475,420,233,212,204,222,445,426
Sáb,Tijuana,0–3,UANL,0,3,0,247,160,200,308,407,508,367,253,189,214,620,403
Sáb,Pachuca,3–0,Querétaro,3,0,1,329,249,197,272,578,469,215,184,206,294,399,500
Sáb,Necaxa,2–1,UNAM,2,1,1,181,164,174,202,345,376,294,206,204,301,500,505
Dom,Santos,1–0,Morelia,1,0,1,321,220,214,297,541,511,148,138,147,177,286,324
Sáb,Querétaro,1–2,Monterrey,1,2,0,215,184,206,294,399,500,354,254,181,257,608,438
Vie,Morelia,2–0,Veracruz,2,0,1,148,138,147,177,286,324,109,69,138,191,178,329
Vie,Puebla,1–1,Santos,1,1,-1,242,188,242,271,430,513,321,220,214,297,541,511
Dom,UNAM,2–2,Atlas,2,2,-1,294,206,204,301,500,505,198,201,207,268,399,475
Dom,Lobos BUAP,2–3,Necaxa,2,3,0,47,35,50,73,82,123,181,164,174,202,345,376
Sáb,América,3–0,Pachuca,3,0,1,363,310,198,246,673,444,329,249,197,272,578,469
Sáb,UANL,0–1,Cruz Azul,0,1,0,367,253,189,214,620,403,264,211,193,227,475,420
Dom,Guadalajara,1–0,Toluca,1,0,1,233,212,204,222,445,426,332,212,216,283,544,499
Dom,León,0–1,Tijuana,0,1,0,332,240,225,278,572,503,247,160,200,308,407,508
Sáb,Cruz Azul,1–0,Tijuana,1,0,1,264,211,193,227,475,420,247,160,200,308,407,508
Sáb,Monterrey,3–2,América,3,2,1,354,254,181,257,608,438,363,310,198,246,673,444
Vie,Veracruz,0–1,Puebla,0,1,0,109,69,138,191,178,329,242,188,242,271,430,513
Vie,Atlas,3–1,Lobos BUAP,3,1,1,198,201,207,268,399,475,47,35,50,73,82,123
Dom,Toluca,0–1,UANL,0,1,0,332,212,216,283,544,499,367,253,189,214,620,403
Dom,Querétaro,0–4,León,0,4,0,215,184,206,294,399,500,332,240,225,278,572,503
Sáb,Pachuca,1–0,UNAM,1,0,1,329,249,197,272,578,469,294,206,204,301,500,505
Sáb,Necaxa,0–0,Morelia,0,0,-1,181,164,174,202,345,376,148,138,147,177,286,324
Dom,Santos,1–0,Guadalajara,1,0,1,321,220,214,297,541,511,233,212,204,222,445,426
Sáb,América,2–0,Querétaro,2,0,1,363,310,198,246,673,444,215,184,206,294,399,500
Vie,Morelia,1–2,Atlas,1,2,0,148,138,147,177,286,324,198,201,207,268,399,475
Vie,Puebla,1–4,Necaxa,1,4,0,242,188,242,271,430,513,181,164,174,202,345,376
Dom,UNAM,1–1,Monterrey,1,1,-1,294,206,204,301,500,505,354,254,181,257,608,438
Dom,Lobos BUAP,1–1,Pachuca,1,1,-1,47,35,50,73,82,123,329,249,197,272,578,469
Sáb,León,2–0,Cruz Azul,2,0,1,332,240,225,278,572,503,264,211,193,227,475,420
Sáb,UANL,2–1,Santos,2,1,1,367,253,189,214,620,403,321,220,214,297,541,511
Sáb,Tijuana,2–0,Toluca,2,0,1,247,160,200,308,407,508,332,212,216,283,544,499
Lun,Guadalajara,0–0,Veracruz,0,0,-1,233,212,204,222,445,426,109,69,138,191,178,329
Sáb,Monterrey,4–0,Lobos BUAP,4,0,1,354,254,181,257,608,438,47,35,50,73,82,123
Sáb,Querétaro,0–2,UNAM,0,2,0,215,184,206,294,399,500,294,206,204,301,500,505
Vie,Veracruz,0–2,UANL,0,2,0,109,69,138,191,178,329,367,253,189,214,620,403
Vie,Atlas,1–2,Puebla,1,2,0,198,201,207,268,399,475,242,188,242,271,430,513
Dom,Toluca,1–1,Cruz Azul,1,1,-1,332,212,216,283,544,499,264,211,193,227,475,420
Sáb,Pachuca,2–0,Morelia,2,0,1,329,249,197,272,578,469,148,138,147,177,286,324
Sáb,América,0–3,León,0,3,0,363,310,198,246,673,444,332,240,225,278,572,503
Sáb,Necaxa,3–3,Guadalajara,3,3,-1,181,164,174,202,345,376,233,212,204,222,445,426
Dom,Santos,1–1,Tijuana,1,1,-1,321,220,214,297,541,511,247,160,200,308,407,508
Sáb,Cruz Azul,1–2,Santos,1,2,0,264,211,193,227,475,420,321,220,214,297,541,511
Vie,Morelia,2–3,Monterrey,2,3,0,148,138,147,177,286,324,354,254,181,257,608,438
Vie,Tijuana,3–0,Veracruz,3,0,1,247,160,200,308,407,508,109,69,138,191,178,329
Vie,Puebla,1–1,Pachuca,1,1,-1,242,188,242,271,430,513,329,249,197,272,578,469
Dom,UNAM,1–0,América,1,0,1,294,206,204,301,500,505,363,310,198,246,673,444
Dom,Lobos BUAP,3–1,Querétaro,3,1,1,47,35,50,73,82,123,215,184,206,294,399,500
Sáb,UANL,3–2,Necaxa,3,2,1,367,253,189,214,620,403,181,164,174,202,345,376
Sáb,León,3–0,Toluca,3,0,1,332,240,225,278,572,503,332,212,216,283,544,499
Sáb,Guadalajara,3–0,Atlas,3,0,1,233,212,204,222,445,426,198,201,207,268,399,475
Sáb,Querétaro,3–0,Morelia,3,0,1,215,184,206,294,399,500,148,138,147,177,286,324
Vie,Atlas,0–1,UANL,0,1,0,198,201,207,268,399,475,367,253,189,214,620,403
Vie,Veracruz,1–1,Cruz Azul,1,1,-1,109,69,138,191,178,329,264,211,193,227,475,420
Dom,UNAM,1–3,León,1,3,0,294,206,204,301,500,505,332,240,225,278,572,503
Sáb,Monterrey,0–0,Puebla,0,0,-1,354,254,181,257,608,438,242,188,242,271,430,513
Sáb,América,3–0,Lobos BUAP,3,0,1,363,310,198,246,673,444,47,35,50,73,82,123
Sáb,Pachuca,3–1,Guadalajara,3,1,1,329,249,197,272,578,469,233,212,204,222,445,426
Sáb,Necaxa,1–2,Tijuana,1,2,0,181,164,174,202,345,376,247,160,200,308,407,508
Dom,Santos,4–0,Toluca,4,0,1,321,220,214,297,541,511,332,212,216,283,544,499
Sáb,Cruz Azul,2–1,Necaxa,2,1,1,264,211,193,227,475,420,181,164,174,202,345,376
Vie,Tijuana,3–1,Atlas,3,1,1,247,160,200,308,407,508,198,201,207,268,399,475
Vie,Morelia,2–2,América,2,2,-1,148,138,147,177,286,324,363,310,198,246,673,444
Dom,Toluca,3–1,Veracruz,3,1,1,332,212,216,283,544,499,109,69,138,191,178,329
Dom,Lobos BUAP,2–1,UNAM,2,1,1,47,35,50,73,82,123,294,206,204,301,500,505
Sáb,León,3–0,Santos,3,0,1,332,240,225,278,572,503,321,220,214,297,541,511
Sáb,UANL,3–0,Pachuca,3,0,1,367,253,189,214,620,403,329,249,197,272,578,469
Sáb,Guadalajara,0–2,Monterrey,0,2,0,233,212,204,222,445,426,354,254,181,257,608,438
Lun,Puebla,1–0,Querétaro,1,0,1,242,188,242,271,430,513,215,184,206,294,399,500
Mar,América,1–3,Necaxa,1,3,0,363,310,198,246,673,444,181,164,174,202,345,376
Sáb,Pachuca,4–0,Tijuana,4,0,1,329,249,197,272,578,469,247,160,200,308,407,508
Vie,Veracruz,2–2,Santos,2,2,-1,109,69,138,191,178,329,321,220,214,297,541,511
Vie,Atlas,0–2,Cruz Azul,0,2,0,198,201,207,268,399,475,264,211,193,227,475,420
Dom,UNAM,2–2,Morelia,2,2,-1,294,206,204,301,500,505,148,138,147,177,286,324
Dom,Lobos BUAP,0–1,León,0,1,0,47,35,50,73,82,123,332,240,225,278,572,503
Sáb,América,1–0,Puebla,1,0,1,363,310,198,246,673,444,242,188,242,271,430,513
Sáb,Monterrey,1–1,UANL,1,1,-1,354,254,181,257,608,438,367,253,189,214,620,403
Sáb,Necaxa,1–1,Toluca,1,1,-1,181,164,174,202,345,376,332,212,216,283,544,499
Sáb,Querétaro,0–0,Guadalajara,0,0,-1,215,184,206,294,399,500,233,212,204,222,445,426
Sáb,Cruz Azul,4–1,Pachuca,4,1,1,264,211,193,227,475,420,329,249,197,272,578,469
Vie,Morelia,1–1,Lobos BUAP,1,1,-1,148,138,147,177,286,324,47,35,50,73,82,123
Vie,Puebla,1–0,UNAM,1,0,1,242,188,242,271,430,513,294,206,204,301,500,505
Dom,Toluca,2–0,Atlas,2,0,1,332,212,216,283,544,499,198,201,207,268,399,475
Sáb,Guadalajara,0–2,América,0,2,0,233,212,204,222,445,426,363,310,198,246,673,444
Sáb,Tijuana,1–0,Monterrey,1,0,1,247,160,200,308,407,508,354,254,181,257,608,438
Sáb,UANL,4–1,Querétaro,4,1,1,367,253,189,214,620,403,215,184,206,294,399,500
Dom,Santos,1–2,Necaxa,1,2,0,321,220,214,297,541,511,181,164,174,202,345,376
Dom,León,2–0,Veracruz,2,0,1,332,240,225,278,572,503,109,69,138,191,178,329
Sáb,Querétaro,1–0,Tijuana,1,0,1,215,184,206,294,399,500,247,160,200,308,407,508
Vie,Morelia,2–3,León,2,3,0,148,138,147,177,286,324,332,240,225,278,572,503
Vie,Atlas,1–0,Santos,1,0,1,198,201,207,268,399,475,321,220,214,297,541,511
Dom,UNAM,2–1,Guadalajara,2,1,1,294,206,204,301,500,505,233,212,204,222,445,426
Dom,Lobos BUAP,0–4,Puebla,0,4,0,47,35,50,73,82,123,242,188,242,271,430,513
Sáb,Pachuca,3–2,Toluca,3,2,1,329,249,197,272,578,469,332,212,216,283,544,499
Sáb,América,3–0,UANL,3,0,1,363,310,198,246,673,444,367,253,189,214,620,403
Sáb,Monterrey,2–2,Cruz Azul,2,2,-1,354,254,181,257,608,438,264,211,193,227,475,420
Sáb,Necaxa,2–0,Veracruz,2,0,1,181,164,174,202,345,376,109,69,138,191,178,329
Sáb,Cruz Azul,3–0,Querétaro,3,0,1,264,211,193,227,475,420,215,184,206,294,399,500
Vie,Veracruz,0–1,Atlas,0,1,0,109,69,138,191,178,329,198,201,207,268,399,475
Vie,Puebla,1–1,Morelia,1,1,-1,242,188,242,271,430,513,148,138,147,177,286,324
Dom,Toluca,5–1,Monterrey,5,1,1,332,212,216,283,544,499,354,254,181,257,608,438
Dom,Santos,0–0,Pachuca,0,0,-1,321,220,214,297,541,511,329,249,197,272,578,469
Sáb,UANL,2–0,UNAM,2,0,1,367,253,189,214,620,403,294,206,204,301,500,505
Sáb,León,2–1,Necaxa,2,1,1,332,240,225,278,572,503,181,164,174,202,345,376
Sáb,Tijuana,3–2,América,3,2,1,247,160,200,308,407,508,363,310,198,246,673,444
Sáb,Guadalajara,0–1,Lobos BUAP,0,1,0,233,212,204,222,445,426,47,35,50,73,82,123
Sáb,Querétaro,0–0,Toluca,0,0,-1,215,184,206,294,399,500,332,212,216,283,544,499
Vie,Puebla,0–3,León,0,3,0,242,188,242,271,430,513,332,240,225,278,572,503
Vie,Atlas,1–2,Necaxa,1,2,0,198,201,207,268,399,475,181,164,174,202,345,376
Dom,UNAM,1–0,Tijuana,1,0,1,294,206,204,301,500,505,247,160,200,308,407,508
Dom,Lobos BUAP,0–3,UANL,0,3,0,47,35,50,73,82,123,367,253,189,214,620,403
Dom,América,0–0,Cruz Azul,0,0,-1,363,310,198,246,673,444,264,211,193,227,475,420
Sáb,Pachuca,9–2,Veracruz,9,2,1,329,249,197,272,578,469,109,69,138,191,178,329
Sáb,Morelia,1–0,Guadalajara,1,0,1,148,138,147,177,286,324,233,212,204,222,445,426
Dom,Monterrey,4–0,Santos,4,0,1,354,254,181,257,608,438,321,220,214,297,541,511
Sáb,Necaxa,2–2,Pachuca,2,2,-1,181,164,174,202,345,376,329,249,197,272,578,469
Sáb,León,5–2,Atlas,5,2,1,332,240,225,278,572,503,198,201,207,268,399,475
Vie,Tijuana,1–2,Lobos BUAP,1,2,0,247,160,200,308,407,508,47,35,50,73,82,123
Vie,Veracruz,0–1,Monterrey,0,1,0,109,69,138,191,178,329,354,254,181,257,608,438
Dom,Toluca,3–2,América,3,2,1,332,212,216,283,544,499,363,310,198,246,673,444
Dom,Santos,2–1,Querétaro,2,1,1,321,220,214,297,541,511,215,184,206,294,399,500
Sáb,Cruz Azul,2–1,UNAM,2,1,1,264,211,193,227,475,420,294,206,204,301,500,505
Sáb,UANL,3–3,Morelia,3,3,-1,367,253,189,214,620,403,148,138,147,177,286,324
Sáb,Guadalajara,1–3,Puebla,1,3,0,233,212,204,222,445,426,242,188,242,271,430,513
Sáb,Pachuca,1–0,Atlas,1,0,1,329,249,197,272,578,469,198,201,207,268,399,475
Vie,Puebla,1–1,UANL,1,1,-1,242,188,242,271,430,513,367,253,189,214,620,403
Vie,Morelia,1–4,Tijuana,1,4,0,148,138,147,177,286,324,247,160,200,308,407,508
Dom,UNAM,2–2,Toluca,2,2,-1,294,206,204,301,500,505,332,212,216,283,544,499
Dom,Lobos BUAP,1–4,Cruz Azul,1,4,0,47,35,50,73,82,123,264,211,193,227,475,420
Dom,Querétaro,2–1,Veracruz,2,1,1,215,184,206,294,399,500,109,69,138,191,178,329
Sáb,América,1–0,Santos,1,0,1,363,310,198,246,673,444,321,220,214,297,541,511
Sáb,Monterrey,2–2,Necaxa,2,2,-1,354,254,181,257,608,438,181,164,174,202,345,376
Sáb,Guadalajara,2–1,León,2,1,1,233,212,204,222,445,426,332,240,225,278,572,503
Sáb,Cruz Azul,1–1,Morelia,1,1,-1,264,211,193,227,475,420,148,138,147,177,286,324
Vie,Veracruz,0–2,América,0,2,0,109,69,138,191,178,329,363,310,198,246,673,444
Dom,Toluca,4–0,Lobos BUAP,4,0,1,332,212,216,283,544,499,47,35,50,73,82,123
Dom,Atlas,2–0,Monterrey,2,0,1,198,201,207,268,399,475,354,254,181,257,608,438
Dom,Santos,5–2,UNAM,5,2,1,321,220,214,297,541,511,294,206,204,301,500,505
Sáb,UANL,2–1,Guadalajara,2,1,1,367,253,189,214,620,403,233,212,204,222,445,426
Sáb,León,2–1,Pachuca,2,1,1,332,240,225,278,572,503,329,249,197,272,578,469
Sáb,Tijuana,4–0,Puebla,4,0,1,247,160,200,308,407,508,242,188,242,271,430,513
Sáb,Necaxa,1–0,Querétaro,1,0,1,181,164,174,202,345,376,215,184,206,294,399,500
Mié,Pachuca,1–1,UANL,1,1,-1,329,249,197,272,578,469,367,253,189,214,620,403
Mié,Tijuana,1–3,León,1,3,0,247,160,200,308,407,508,332,240,225,278,572,503
Jue,Necaxa,1–0,Monterrey,1,0,1,181,164,174,202,345,376,354,254,181,257,608,438
Jue,América,3–1,Cruz Azul,3,1,1,363,310,198,246,673,444,264,211,193,227,475,420
Dom,Cruz Azul,1–0,América,1,0,1,264,211,193,227,475,420,363,310,198,246,673,444
Sáb,UANL,1–1,Pachuca,1,1,-1,367,253,189,214,620,403,329,249,197,272,578,469
Sáb,León,2–1,Tijuana,2,1,1,332,240,225,278,572,503,247,160,200,308,407,508
Dom,Monterrey,1–0,Necaxa,1,0,1,354,254,181,257,608,438,181,164,174,202,345,376
Mié,Monterrey,1–0,UANL,1,0,1,354,254,181,257,608,438,367,253,189,214,620,403
Jue,América,0–1,León,0,1,0,363,310,198,246,673,444,332,240,225,278,572,503
Sáb,UANL,1–0,Monterrey,1,0,1,367,253,189,214,620,403,354,254,181,257,608,438
Dom,León,0–1,América,0,1,0,332,240,225,278,572,503,363,310,198,246,673,444
Jue,UANL,1–0,León,1,0,1,367,253,189,214,620,403,332,240,225,278,572,503
Dom,León,0–0,UANL,0,0,-1,332,240,225,278,572,503,367,253,189,214,620,403
Sáb,Lobos BUAP,2–2,Santos,2,2,-1,47,35,50,73,82,123,321,220,214,297,541,511
Sáb,América,0–1,Querétaro,0,1,0,363,310,198,246,673,444,215,184,206,294,399,500
Vie,Morelia,0–0,Monterrey,0,0,-1,148,138,147,177,286,324,354,254,181,257,608,438
Vie,Tijuana,0–2,Cruz Azul,0,2,0,247,160,200,308,407,508,264,211,193,227,475,420
Dom,UNAM,1–0,Pachuca,1,0,1,294,206,204,301,500,505,329,249,197,272,578,469
Dom,Veracruz,0–2,Necaxa,0,2,0,109,69,138,191,178,329,181,164,174,202,345,376
Sáb,UANL,5–0,Puebla,5,0,1,367,253,189,214,620,403,242,188,242,271,430,513
Sáb,León,0–3,Atlas,0,3,0,332,240,225,278,572,503,198,201,207,268,399,475
Sáb,Guadalajara,0–0,Toluca,0,0,-1,233,212,204,222,445,426,332,212,216,283,544,499
Sáb,Cruz Azul,1–1,Guadalajara,1,1,-1,264,211,193,227,475,420,233,212,204,222,445,426
Sáb,Querétaro,0–4,Lobos BUAP,0,4,0,215,184,206,294,399,500,47,35,50,73,82,123
Vie,Puebla,1–1,Morelia,1,1,-1,242,188,242,271,430,513,148,138,147,177,286,324
Vie,Atlas,2–1,UNAM,2,1,1,198,201,207,268,399,475,294,206,204,301,500,505
Dom,Toluca,3–1,León,3,1,1,332,212,216,283,544,499,332,240,225,278,572,503
Dom,Santos,1–1,UANL,1,1,-1,321,220,214,297,541,511,367,253,189,214,620,403
Sáb,Monterrey,1–0,Veracruz,1,0,1,354,254,181,257,608,438,109,69,138,191,178,329
Sáb,Pachuca,0–2,América,0,2,0,329,249,197,272,578,469,363,310,198,246,673,444
Sáb,Necaxa,1–0,Tijuana,1,0,1,181,164,174,202,345,376,247,160,200,308,407,508
Sáb,Lobos BUAP,3–2,Pachuca,3,2,1,47,35,50,73,82,123,329,249,197,272,578,469
Vie,Morelia,1–1,Santos,1,1,-1,148,138,147,177,286,324,321,220,214,297,541,511
Vie,Tijuana,0–3,Monterrey,0,3,0,247,160,200,308,407,508,354,254,181,257,608,438
Dom,Toluca,3–2,Atlas,3,2,1,332,212,216,283,544,499,198,201,207,268,399,475
Dom,Veracruz,2–0,Puebla,2,0,1,109,69,138,191,178,329,242,188,242,271,430,513
Sáb,UANL,1–1,Querétaro,1,1,-1,367,253,189,214,620,403,215,184,206,294,399,500
Sáb,León,2–2,Cruz Azul,2,2,-1,332,240,225,278,572,503,264,211,193,227,475,420
Sáb,América,2–1,UNAM,2,1,1,363,310,198,246,673,444,294,206,204,301,500,505
Sáb,Guadalajara,2–2,Necaxa,2,2,-1,233,212,204,222,445,426,181,164,174,202,345,376
Sáb,Cruz Azul,0–0,Toluca,0,0,-1,264,211,193,227,475,420,332,212,216,283,544,499
Sáb,Querétaro,2–1,Morelia,2,1,1,215,184,206,294,399,500,148,138,147,177,286,324
Vie,Puebla,1–1,Tijuana,1,1,-1,242,188,242,271,430,513,247,160,200,308,407,508
Vie,Atlas,0–1,América,0,1,0,198,201,207,268,399,475,363,310,198,246,673,444
Dom,UNAM,2–0,Lobos BUAP,2,0,1,294,206,204,301,500,505,47,35,50,73,82,123
Dom,Santos,2–3,Veracruz,2,3,0,321,220,214,297,541,511,109,69,138,191,178,329
Sáb,Monterrey,4–1,Guadalajara,4,1,1,354,254,181,257,608,438,233,212,204,222,445,426
Sáb,Pachuca,2–1,UANL,2,1,1,329,249,197,272,578,469,367,253,189,214,620,403
Sáb,Necaxa,0–3,León,0,3,0,181,164,174,202,345,376,332,240,225,278,572,503
Sáb,Cruz Azul,2–1,Atlas,2,1,1,264,211,193,227,475,420,198,201,207,268,399,475
Sáb,Lobos BUAP,2–3,América,2,3,0,47,35,50,73,82,123,363,310,198,246,673,444
Vie,Tijuana,2–0,Santos,2,0,1,247,160,200,308,407,508,321,220,214,297,541,511
Vie,Morelia,1–2,Pachuca,1,2,0,148,138,147,177,286,324,329,249,197,272,578,469
Dom,Toluca,0–0,Necaxa,0,0,-1,332,212,216,283,544,499,181,164,174,202,345,376
Sáb,UANL,2–0,UNAM,2,0,1,367,253,189,214,620,403,294,206,204,301,500,505
Sáb,Veracruz,1–1,Querétaro,1,1,-1,109,69,138,191,178,329,215,184,206,294,399,500
Sáb,León,1–2,Monterrey,1,2,0,332,240,225,278,572,503,354,254,181,257,608,438
Sáb,Guadalajara,0–1,Puebla,0,1,0,233,212,204,222,445,426,242,188,242,271,430,513
Mar,Pachuca,4–1,Veracruz,4,1,1,329,249,197,272,578,469,109,69,138,191,178,329
Mar,Atlas,1–1,Lobos BUAP,1,1,-1,198,201,207,268,399,475,47,35,50,73,82,123
Mar,Querétaro,1–3,Tijuana,1,3,0,215,184,206,294,399,500,247,160,200,308,407,508
Mar,UNAM,1–2,Morelia,1,2,0,294,206,204,301,500,505,148,138,147,177,286,324
Mié,América,2–2,UANL,2,2,-1,363,310,198,246,673,444,367,253,189,214,620,403
Mié,Puebla,0–1,León,0,1,0,242,188,242,271,430,513,332,240,225,278,572,503
Mié,Santos,1–1,Guadalajara,1,1,-1,321,220,214,297,541,511,233,212,204,222,445,426
Mié,Monterrey,4–1,Toluca,4,1,1,354,254,181,257,608,438,332,212,216,283,544,499
Mié,Necaxa,1–1,Cruz Azul,1,1,-1,181,164,174,202,345,376,264,211,193,227,475,420
Sáb,Cruz Azul,1–1,Monterrey,1,1,-1,264,211,193,227,475,420,354,254,181,257,608,438
Vie,Tijuana,2–1,Pachuca,2,1,1,247,160,200,308,407,508,329,249,197,272,578,469
Dom,Toluca,2–1,Puebla,2,1,1,332,212,216,283,544,499,242,188,242,271,430,513
Dom,Veracruz,1–0,UNAM,1,0,1,109,69,138,191,178,329,294,206,204,301,500,505
Sáb,UANL,3–2,Lobos BUAP,3,2,1,367,253,189,214,620,403,47,35,50,73,82,123
Sáb,León,1–2,Santos,1,2,0,332,240,225,278,572,503,321,220,214,297,541,511
Sáb,Morelia,2–0,América,2,0,1,148,138,147,177,286,324,363,310,198,246,673,444
Sáb,Necaxa,2–1,Atlas,2,1,1,181,164,174,202,345,376,198,201,207,268,399,475
Sáb,Guadalajara,0–0,Querétaro,0,0,-1,233,212,204,222,445,426,215,184,206,294,399,500
Sáb,Querétaro,1–2,León,1,2,0,215,184,206,294,399,500,332,240,225,278,572,503
Sáb,Lobos BUAP,1–3,Morelia,1,3,0,47,35,50,73,82,123,148,138,147,177,286,324
Vie,Puebla,0–0,Cruz Azul,0,0,-1,242,188,242,271,430,513,264,211,193,227,475,420
Dom,UNAM,0–2,Tijuana,0,2,0,294,206,204,301,500,505,247,160,200,308,407,508
Dom,Santos,0–0,Toluca,0,0,-1,321,220,214,297,541,511,332,212,216,283,544,499
Sáb,Monterrey,1–0,Necaxa,1,0,1,354,254,181,257,608,438,181,164,174,202,345,376
Sáb,Pachuca,1–3,Guadalajara,1,3,0,329,249,197,272,578,469,233,212,204,222,445,426
Sáb,América,2–0,Veracruz,2,0,1,363,310,198,246,673,444,109,69,138,191,178,329
Sáb,Cruz Azul,2–1,Santos,2,1,1,264,211,193,227,475,420,321,220,214,297,541,511
Vie,Morelia,3–3,UANL,3,3,-1,148,138,147,177,286,324,367,253,189,214,620,403
Vie,Tijuana,1–1,América,1,1,-1,247,160,200,308,407,508,363,310,198,246,673,444
Dom,Toluca,3–2,Querétaro,3,2,1,332,212,216,283,544,499,215,184,206,294,399,500
Dom,Veracruz,0–1,Lobos BUAP,0,1,0,109,69,138,191,178,329,47,35,50,73,82,123
Sáb,Monterrey,2–1,Atlas,2,1,1,354,254,181,257,608,438,198,201,207,268,399,475
Sáb,León,3–1,Pachuca,3,1,1,332,240,225,278,572,503,329,249,197,272,578,469
Sáb,Necaxa,1–1,Puebla,1,1,-1,181,164,174,202,345,376,242,188,242,271,430,513
Sáb,Guadalajara,1–1,UNAM,1,1,-1,233,212,204,222,445,426,294,206,204,301,500,505
Mar,Guadalajara,1–2,Lobos BUAP,1,2,0,233,212,204,222,445,426,47,35,50,73,82,123
Mar,Puebla,1–2,Atlas,1,2,0,242,188,242,271,430,513,198,201,207,268,399,475
Mar,Tijuana,0–1,UANL,0,1,0,247,160,200,308,407,508,367,253,189,214,620,403
Mar,Veracruz,2–1,Morelia,2,1,1,109,69,138,191,178,329,148,138,147,177,286,324
Mié,León,2–1,América,2,1,1,332,240,225,278,572,503,363,310,198,246,673,444
Mié,Necaxa,1–0,Querétaro,1,0,1,181,164,174,202,345,376,215,184,206,294,399,500
Mié,Toluca,2–1,UNAM,2,1,1,332,212,216,283,544,499,294,206,204,301,500,505
Mié,Pachuca,4–0,Cruz Azul,4,0,1,329,249,197,272,578,469,264,211,193,227,475,420
Sáb,Querétaro,2–2,Monterrey,2,2,-1,215,184,206,294,399,500,354,254,181,257,608,438
Sáb,Lobos BUAP,0–3,León,0,3,0,47,35,50,73,82,123,332,240,225,278,572,503
Vie,Morelia,3–0,Tijuana,3,0,1,148,138,147,177,286,324,247,160,200,308,407,508
Vie,Atlas,2–0,Veracruz,2,0,1,198,201,207,268,399,475,109,69,138,191,178,329
Dom,UNAM,1–4,Cruz Azul,1,4,0,294,206,204,301,500,505,264,211,193,227,475,420
Dom,Santos,0–0,Puebla,0,0,-1,321,220,214,297,541,511,242,188,242,271,430,513
Sáb,UANL,1–0,Guadalajara,1,0,1,367,253,189,214,620,403,233,212,204,222,445,426
Sáb,Pachuca,0–0,Necaxa,0,0,-1,329,249,197,272,578,469,181,164,174,202,345,376
Sáb,Toluca,1–2,América,1,2,0,332,212,216,283,544,499,363,310,198,246,673,444
Mié,Toluca,3–1,Lobos BUAP,3,1,1,332,212,216,283,544,499,47,35,50,73,82,123
Sáb,Cruz Azul,1–3,América,1,3,0,264,211,193,227,475,420,363,310,198,246,673,444
Vie,Tijuana,0–0,Veracruz,0,0,-1,247,160,200,308,407,508,109,69,138,191,178,329
Vie,Puebla,2–2,Querétaro,2,2,-1,242,188,242,271,430,513,215,184,206,294,399,500
Dom,Santos,0–1,Atlas,0,1,0,321,220,214,297,541,511,198,201,207,268,399,475
Sáb,Monterrey,2–0,Pachuca,2,0,1,354,254,181,257,608,438,329,249,197,272,578,469
Sáb,León,1–0,UANL,1,0,1,332,240,225,278,572,503,367,253,189,214,620,403
Sáb,Necaxa,0–0,UNAM,0,0,-1,181,164,174,202,345,376,294,206,204,301,500,505
Sáb,Guadalajara,1–2,Morelia,1,2,0,233,212,204,222,445,426,148,138,147,177,286,324
Mar,Lobos BUAP,1–2,Tijuana,1,2,0,47,35,50,73,82,123,247,160,200,308,407,508
Mar,Querétaro,1–2,Cruz Azul,1,2,0,215,184,206,294,399,500,264,211,193,227,475,420
Mar,UANL,1–0,Veracruz,1,0,1,367,253,189,214,620,403,109,69,138,191,178,329
Mar,UNAM,2–0,León,2,0,1,294,206,204,301,500,505,332,240,225,278,572,503
Mar,Atlas,0–1,Morelia,0,1,0,198,201,207,268,399,475,148,138,147,177,286,324
Mié,Santos,3–2,Necaxa,3,2,1,321,220,214,297,541,511,181,164,174,202,345,376
Mié,Pachuca,2–2,Toluca,2,2,-1,329,249,197,272,578,469,332,212,216,283,544,499
Mié,América,2–1,Guadalajara,2,1,1,363,310,198,246,673,444,233,212,204,222,445,426
Mié,Puebla,2–0,Monterrey,2,0,1,242,188,242,271,430,513,354,254,181,257,608,438
Sáb,Lobos BUAP,3–0,Cruz Azul,3,0,1,47,35,50,73,82,123,264,211,193,227,475,420
Sáb,Querétaro,1–2,Santos,1,2,0,215,184,206,294,399,500,321,220,214,297,541,511
Vie,Morelia,0–0,León,0,0,-1,148,138,147,177,286,324,332,240,225,278,572,503
Vie,Atlas,1–0,Tijuana,1,0,1,198,201,207,268,399,475,247,160,200,308,407,508
Dom,UNAM,0–1,Monterrey,0,1,0,294,206,204,301,500,505,354,254,181,257,608,438
Sáb,UANL,3–0,Toluca,3,0,1,367,253,189,214,620,403,332,212,216,283,544,499
Sáb,Pachuca,1–0,Puebla,1,0,1,329,249,197,272,578,469,242,188,242,271,430,513
Sáb,América,0–1,Necaxa,0,1,0,363,310,198,246,673,444,181,164,174,202,345,376
Dom,Veracruz,2–3,Guadalajara,2,3,0,109,69,138,191,178,329,233,212,204,222,445,426
Sáb,Cruz Azul,1–2,UANL,1,2,0,264,211,193,227,475,420,367,253,189,214,620,403
Sáb,Querétaro,2–2,Atlas,2,2,-1,215,184,206,294,399,500,198,201,207,268,399,475
Vie,Puebla,3–0,UNAM,3,0,1,242,188,242,271,430,513,294,206,204,301,500,505
Dom,Toluca,0–1,Morelia,0,1,0,332,212,216,283,544,499,148,138,147,177,286,324
Sáb,Monterrey,2–0,América,2,0,1,354,254,181,257,608,438,363,310,198,246,673,444
Sáb,León,6–2,Veracruz,6,2,1,332,240,225,278,572,503,109,69,138,191,178,329
Sáb,Necaxa,5–0,Lobos BUAP,5,0,1,181,164,174,202,345,376,47,35,50,73,82,123
Sáb,Guadalajara,3–1,Tijuana,3,1,1,233,212,204,222,445,426,247,160,200,308,407,508
Dom,Santos,2–2,Pachuca,2,2,-1,321,220,214,297,541,511,329,249,197,272,578,469
Mié,Atlas,1–1,UANL,1,1,-1,198,201,207,268,399,475,367,253,189,214,620,403
Sáb,Lobos BUAP,2–1,Monterrey,2,1,1,47,35,50,73,82,123,354,254,181,257,608,438
Vie,Morelia,1–2,Cruz Azul,1,2,0,148,138,147,177,286,324,264,211,193,227,475,420
Vie,Tijuana,2–1,León,2,1,1,247,160,200,308,407,508,332,240,225,278,572,503
Dom,UNAM,2–2,Santos,2,2,-1,294,206,204,301,500,505,321,220,214,297,541,511
Sáb,Pachuca,0–1,Querétaro,0,1,0,329,249,197,272,578,469,215,184,206,294,399,500
Sáb,América,1–1,Puebla,1,1,-1,363,310,198,246,673,444,242,188,242,271,430,513
Sáb,Guadalajara,1–2,Atlas,1,2,0,233,212,204,222,445,426,198,201,207,268,399,475
Dom,UANL,1–0,Necaxa,1,0,1,367,253,189,214,620,403,181,164,174,202,345,376
Dom,Veracruz,0–1,Toluca,0,1,0,109,69,138,191,178,329,332,212,216,283,544,499
Jue,Monterrey,1–1,Santos,1,1,-1,354,254,181,257,608,438,321,220,214,297,541,511
Sáb,Querétaro,1–1,UNAM,1,1,-1,215,184,206,294,399,500,294,206,204,301,500,505
Sáb,Cruz Azul,1–0,Veracruz,1,0,1,264,211,193,227,475,420,109,69,138,191,178,329
Vie,Puebla,0–1,Lobos BUAP,0,1,0,242,188,242,271,430,513,47,35,50,73,82,123
Vie,Atlas,1–1,Pachuca,1,1,-1,198,201,207,268,399,475,329,249,197,272,578,469
Dom,Toluca,3–1,Tijuana,3,1,1,332,212,216,283,544,499,247,160,200,308,407,508
Sáb,Monterrey,2–0,UANL,2,0,1,354,254,181,257,608,438,367,253,189,214,620,403
Sáb,León,0–2,Guadalajara,0,2,0,332,240,225,278,572,503,233,212,204,222,445,426
Sáb,Necaxa,1–2,Morelia,1,2,0,181,164,174,202,345,376,148,138,147,177,286,324
Dom,Santos,0–1,América,0,1,0,321,220,214,297,541,511,363,310,198,246,673,444
Mié,Toluca,2–1,Morelia,2,1,1,332,212,216,283,544,499,148,138,147,177,286,324
Mié,León,1–1,UANL,1,1,-1,332,240,225,278,572,503,367,253,189,214,620,403
Jue,Cruz Azul,0–0,América,0,0,-1,264,211,193,227,475,420,363,310,198,246,673,444
Jue,Atlas,1–2,Monterrey,1,2,0,198,201,207,268,399,475,354,254,181,257,608,438
Sáb,UANL,1–1,León,1,1,-1,367,253,189,214,620,403,332,240,225,278,572,503
Sáb,Morelia,2–1,Toluca,2,1,1,148,138,147,177,286,324,332,212,216,283,544,499
Dom,Monterrey,4–1,Atlas,4,1,1,354,254,181,257,608,438,198,201,207,268,399,475
Dom,América,0–0,Cruz Azul,0,0,-1,363,310,198,246,673,444,264,211,193,227,475,420
Mié,América,0–1,UANL,0,1,0,363,310,198,246,673,444,367,253,189,214,620,403
Jue,Morelia,0–1,Monterrey,0,1,0,148,138,147,177,286,324,354,254,181,257,608,438
Sáb,UANL,3–0,América,3,0,1,367,253,189,214,620,403,363,310,198,246,673,444
Dom,Monterrey,4–0,Morelia,4,0,1,354,254,181,257,608,438,148,138,147,177,286,324
Jue,UANL,1–1,Monterrey,1,1,-1,367,253,189,214,620,403,354,254,181,257,608,438
Dom,Monterrey,1–2,UANL,1,2,0,354,254,181,257,608,438,367,253,189,214,620,403
Sáb,Cruz Azul,0–0,Tijuana,0,0,-1,264,211,193,227,475,420,247,160,200,308,407,508
Vie,Puebla,2–1,UANL,2,1,1,242,188,242,271,430,513,367,253,189,214,620,403
Vie,Atlas,1–2,León,1,2,0,198,201,207,268,399,475,332,240,225,278,572,503
Dom,Toluca,1–1,Guadalajara,1,1,-1,332,212,216,283,544,499,233,212,204,222,445,426
Sáb,Monterrey,1–1,Morelia,1,1,-1,354,254,181,257,608,438,148,138,147,177,286,324
Sáb,Pachuca,2–3,UNAM,2,3,0,329,249,197,272,578,469,294,206,204,301,500,505
Sáb,Necaxa,0–0,Veracruz,0,0,-1,181,164,174,202,345,376,109,69,138,191,178,329
Dom,Santos,4–2,Lobos BUAP,4,2,1,321,220,214,297,541,511,47,35,50,73,82,123
Dom,Querétaro,0–1,América,0,1,0,215,184,206,294,399,500,363,310,198,246,673,444
Sáb,América,2–2,Pachuca,2,2,-1,363,310,198,246,673,444,329,249,197,272,578,469
Sáb,Lobos BUAP,0–2,Querétaro,0,2,0,47,35,50,73,82,123,215,184,206,294,399,500
Vie,Tijuana,1–0,Necaxa,1,0,1,247,160,200,308,407,508,181,164,174,202,345,376
Vie,Morelia,1–0,Puebla,1,0,1,148,138,147,177,286,324,242,188,242,271,430,513
Dom,UNAM,3–1,Atlas,3,1,1,294,206,204,301,500,505,198,201,207,268,399,475
Sáb,UANL,2–1,Santos,2,1,1,367,253,189,214,620,403,321,220,214,297,541,511
Sáb,León,3–1,Toluca,3,1,1,332,240,225,278,572,503,332,212,216,283,544,499
Sáb,Guadalajara,1–3,Cruz Azul,1,3,0,233,212,204,222,445,426,264,211,193,227,475,420
Dom,Veracruz,0–2,Monterrey,0,2,0,109,69,138,191,178,329,354,254,181,257,608,438
Sáb,Cruz Azul,0–0,León,0,0,-1,264,211,193,227,475,420,332,240,225,278,572,503
Sáb,Querétaro,0–0,UANL,0,0,-1,215,184,206,294,399,500,367,253,189,214,620,403
Vie,Puebla,2–0,Veracruz,2,0,1,242,188,242,271,430,513,109,69,138,191,178,329
Vie,Atlas,1–3,Toluca,1,3,0,198,201,207,268,399,475,332,212,216,283,544,499
Dom,UNAM,0–0,América,0,0,-1,294,206,204,301,500,505,363,310,198,246,673,444
Sáb,Monterrey,0–0,Tijuana,0,0,-1,354,254,181,257,608,438,247,160,200,308,407,508
Sáb,Pachuca,3–1,Lobos BUAP,3,1,1,329,249,197,272,578,469,47,35,50,73,82,123
Sáb,Necaxa,1–3,Guadalajara,1,3,0,181,164,174,202,345,376,233,212,204,222,445,426
Dom,Santos,1–0,Morelia,1,0,1,321,220,214,297,541,511,148,138,147,177,286,324
Sáb,Lobos BUAP,1–1,UNAM,1,1,-1,47,35,50,73,82,123,294,206,204,301,500,505
Vie,Morelia,1–0,Querétaro,1,0,1,148,138,147,177,286,324,215,184,206,294,399,500
Vie,Tijuana,2–0,Puebla,2,0,1,247,160,200,308,407,508,242,188,242,271,430,513
Dom,Toluca,1–1,Cruz Azul,1,1,-1,332,212,216,283,544,499,264,211,193,227,475,420
Sáb,UANL,3–2,Pachuca,3,2,1,367,253,189,214,620,403,329,249,197,272,578,469
Sáb,León,0–4,Necaxa,0,4,0,332,240,225,278,572,503,181,164,174,202,345,376
Sáb,América,1–0,Atlas,1,0,1,363,310,198,246,673,444,198,201,207,268,399,475
Sáb,Guadalajara,1–2,Monterrey,1,2,0,233,212,204,222,445,426,354,254,181,257,608,438
Dom,Veracruz,1–1,Santos,1,1,-1,109,69,138,191,178,329,321,220,214,297,541,511
Sáb,Querétaro,0–1,Veracruz,0,1,0,215,184,206,294,399,500,109,69,138,191,178,329
Vie,Puebla,2–0,Guadalajara,2,0,1,242,188,242,271,430,513,233,212,204,222,445,426
Vie,Atlas,2–1,Cruz Azul,2,1,1,198,201,207,268,399,475,264,211,193,227,475,420
Dom,UNAM,2–0,UANL,2,0,1,294,206,204,301,500,505,367,253,189,214,620,403
Sáb,Santos,0–0,Tijuana,0,0,-1,321,220,214,297,541,511,247,160,200,308,407,508
Sáb,Monterrey,5–1,León,5,1,1,354,254,181,257,608,438,332,240,225,278,572,503
Sáb,Pachuca,2–3,Morelia,2,3,0,329,249,197,272,578,469,148,138,147,177,286,324
Sáb,América,5–1,Lobos BUAP,5,1,1,363,310,198,246,673,444,47,35,50,73,82,123
Sáb,Necaxa,0–0,Toluca,0,0,-1,181,164,174,202,345,376,332,212,216,283,544,499
Sáb,Lobos BUAP,3–1,Atlas,3,1,1,47,35,50,73,82,123,198,201,207,268,399,475
Sáb,Cruz Azul,0–2,Necaxa,0,2,0,264,211,193,227,475,420,181,164,174,202,345,376
Vie,Morelia,1–2,UNAM,1,2,0,148,138,147,177,286,324,294,206,204,301,500,505
Vie,Tijuana,0–2,Querétaro,0,2,0,247,160,200,308,407,508,215,184,206,294,399,500
Dom,Toluca,2–1,Monterrey,2,1,1,332,212,216,283,544,499,354,254,181,257,608,438
Sáb,UANL,1–1,América,1,1,-1,367,253,189,214,620,403,363,310,198,246,673,444
Sáb,León,2–1,Puebla,2,1,1,332,240,225,278,572,503,242,188,242,271,430,513
Sáb,Guadalajara,0–2,Santos,0,2,0,233,212,204,222,445,426,321,220,214,297,541,511
Dom,Veracruz,0–1,Pachuca,0,1,0,109,69,138,191,178,329,329,249,197,272,578,469
Mar,Atlas,1–1,Necaxa,1,1,-1,198,201,207,268,399,475,181,164,174,202,345,376
Mar,Lobos BUAP,0–0,UANL,0,0,-1,47,35,50,73,82,123,367,253,189,214,620,403
Mar,América,4–1,Morelia,4,1,1,363,310,198,246,673,444,148,138,147,177,286,324
Mié,Santos,5–1,León,5,1,1,321,220,214,297,541,511,332,240,225,278,572,503
Mié,Querétaro,2–2,Guadalajara,2,2,-1,215,184,206,294,399,500,233,212,204,222,445,426
Mié,Monterrey,2–2,Cruz Azul,2,2,-1,354,254,181,257,608,438,264,211,193,227,475,420
Mié,UNAM,1–2,Veracruz,1,2,0,294,206,204,301,500,505,109,69,138,191,178,329
Mié,Puebla,2–0,Toluca,2,0,1,242,188,242,271,430,513,332,212,216,283,544,499
Mié,Pachuca,2–0,Tijuana,2,0,1,329,249,197,272,578,469,247,160,200,308,407,508
Sáb,Cruz Azul,1–1,Puebla,1,1,-1,264,211,193,227,475,420,242,188,242,271,430,513
Vie,Morelia,2–1,Lobos BUAP,2,1,1,148,138,147,177,286,324,47,35,50,73,82,123
Dom,Toluca,2–0,Santos,2,0,1,332,212,216,283,544,499,321,220,214,297,541,511
Sáb,Tijuana,4–1,UNAM,4,1,1,247,160,200,308,407,508,294,206,204,301,500,505
Sáb,UANL,2–0,Atlas,2,0,1,367,253,189,214,620,403,198,201,207,268,399,475
Sáb,León,1–1,Querétaro,1,1,-1,332,240,225,278,572,503,215,184,206,294,399,500
Sáb,Necaxa,3–0,Monterrey,3,0,1,181,164,174,202,345,376,354,254,181,257,608,438
Sáb,Guadalajara,1–1,Pachuca,1,1,-1,233,212,204,222,445,426,329,249,197,272,578,469
Dom,Veracruz,1–1,América,1,1,-1,109,69,138,191,178,329,363,310,198,246,673,444
Sáb,Lobos BUAP,5–0,Veracruz,5,0,1,47,35,50,73,82,123,109,69,138,191,178,329
Sáb,Querétaro,0–2,Toluca,0,2,0,215,184,206,294,399,500,332,212,216,283,544,499
Vie,Atlas,0–1,Monterrey,0,1,0,198,201,207,268,399,475,354,254,181,257,608,438
Vie,Puebla,1–1,Necaxa,1,1,-1,242,188,242,271,430,513,181,164,174,202,345,376
Dom,UNAM,1–1,Guadalajara,1,1,-1,294,206,204,301,500,505,233,212,204,222,445,426
Sáb,UANL,2–1,Morelia,2,1,1,367,253,189,214,620,403,148,138,147,177,286,324
Sáb,Pachuca,2–1,León,2,1,1,329,249,197,272,578,469,332,240,225,278,572,503
Sáb,América,0–0,Tijuana,0,0,-1,363,310,198,246,673,444,247,160,200,308,407,508
Dom,Santos,2–0,Cruz Azul,2,0,1,321,220,214,297,541,511,264,211,193,227,475,420
Sáb,Cruz Azul,0–1,Querétaro,0,1,0,264,211,193,227,475,420,215,184,206,294,399,500
Vie,Tijuana,3–1,Lobos BUAP,3,1,1,247,160,200,308,407,508,47,35,50,73,82,123
Vie,Morelia,2–1,Atlas,2,1,1,148,138,147,177,286,324,198,201,207,268,399,475
Dom,Toluca,2–1,Pachuca,2,1,1,332,212,216,283,544,499,329,249,197,272,578,469
Sáb,Monterrey,1–3,Puebla,1,3,0,354,254,181,257,608,438,242,188,242,271,430,513
Sáb,León,3–0,UNAM,3,0,1,332,240,225,278,572,503,294,206,204,301,500,505
Sáb,Necaxa,1–2,Santos,1,2,0,181,164,174,202,345,376,321,220,214,297,541,511
Sáb,Guadalajara,1–1,América,1,1,-1,233,212,204,222,445,426,363,310,198,246,673,444
Dom,Veracruz,0–2,UANL,0,2,0,109,69,138,191,178,329,367,253,189,214,620,403
Sáb,Lobos BUAP,0–1,Guadalajara,0,1,0,47,35,50,73,82,123,233,212,204,222,445,426
Sáb,Querétaro,1–1,Necaxa,1,1,-1,215,184,206,294,399,500,181,164,174,202,345,376
Sáb,Cruz Azul,5–0,Pachuca,5,0,1,264,211,193,227,475,420,329,249,197,272,578,469
Vie,Morelia,2–0,Veracruz,2,0,1,148,138,147,177,286,324,109,69,138,191,178,329
Vie,Atlas,1–0,Puebla,1,0,1,198,201,207,268,399,475,242,188,242,271,430,513
Dom,UNAM,0–1,Toluca,0,1,0,294,206,204,301,500,505,332,212,216,283,544,499
Sáb,UANL,1–0,Tijuana,1,0,1,367,253,189,214,620,403,247,160,200,308,407,508
Sáb,América,2–0,León,2,0,1,363,310,198,246,673,444,332,240,225,278,572,503
Dom,Santos,3–2,Monterrey,3,2,1,321,220,214,297,541,511,354,254,181,257,608,438
Sáb,Cruz Azul,1–1,UNAM,1,1,-1,264,211,193,227,475,420,294,206,204,301,500,505
Vie,Tijuana,1–1,Morelia,1,1,-1,247,160,200,308,407,508,148,138,147,177,286,324
Vie,Puebla,0–1,Santos,0,1,0,242,188,242,271,430,513,321,220,214,297,541,511
Sáb,Monterrey,3–1,Querétaro,3,1,1,354,254,181,257,608,438,215,184,206,294,399,500
Sáb,León,2–2,Lobos BUAP,2,2,-1,332,240,225,278,572,503,47,35,50,73,82,123
Sáb,América,1–2,Toluca,1,2,0,363,310,198,246,673,444,332,212,216,283,544,499
Sáb,Necaxa,1–1,Pachuca,1,1,-1,181,164,174,202,345,376,329,249,197,272,578,469
Sáb,Guadalajara,0–0,UANL,0,0,-1,233,212,204,222,445,426,367,253,189,214,620,403
Dom,Veracruz,3–1,Atlas,3,1,1,109,69,138,191,178,329,198,201,207,268,399,475
Sáb,Lobos BUAP,1–2,Toluca,1,2,0,47,35,50,73,82,123,332,212,216,283,544,499
Sáb,Querétaro,2–1,Puebla,2,1,1,215,184,206,294,399,500,242,188,242,271,430,513
Vie,Morelia,1–2,Guadalajara,1,2,0,148,138,147,177,286,324,233,212,204,222,445,426
Vie,Atlas,3–2,Santos,3,2,1,198,201,207,268,399,475,321,220,214,297,541,511
Dom,UNAM,1–1,Necaxa,1,1,-1,294,206,204,301,500,505,181,164,174,202,345,376
Dom,Veracruz,1–0,Tijuana,1,0,1,109,69,138,191,178,329,247,160,200,308,407,508
Sáb,UANL,4–1,León,4,1,1,367,253,189,214,620,403,332,240,225,278,572,503
Sáb,Pachuca,1–2,Monterrey,1,2,0,329,249,197,272,578,469,354,254,181,257,608,438
Sáb,América,2–1,Cruz Azul,2,1,1,363,310,198,246,673,444,264,211,193,227,475,420
Sáb,Cruz Azul,1–0,Lobos BUAP,1,0,1,264,211,193,227,475,420,47,35,50,73,82,123
Vie,Puebla,2–6,Pachuca,2,6,0,242,188,242,271,430,513,329,249,197,272,578,469
Vie,Tijuana,2–2,Atlas,2,2,-1,247,160,200,308,407,508,198,201,207,268,399,475
Dom,Toluca,1–0,UANL,1,0,1,332,212,216,283,544,499,367,253,189,214,620,403
Dom,Santos,3–0,Querétaro,3,0,1,321,220,214,297,541,511,215,184,206,294,399,500
Sáb,Monterrey,2–1,UNAM,2,1,1,354,254,181,257,608,438,294,206,204,301,500,505
Sáb,León,2–3,Morelia,2,3,0,332,240,225,278,572,503,148,138,147,177,286,324
Sáb,Necaxa,1–1,América,1,1,-1,181,164,174,202,345,376,363,310,198,246,673,444
Sáb,Guadalajara,0–1,Veracruz,0,1,0,233,212,204,222,445,426,109,69,138,191,178,329
Sáb,Lobos BUAP,0–1,Necaxa,0,1,0,47,35,50,73,82,123,181,164,174,202,345,376
Vie,Tijuana,3–0,Guadalajara,3,0,1,247,160,200,308,407,508,233,212,204,222,445,426
Vie,Atlas,1–0,Querétaro,1,0,1,198,201,207,268,399,475,215,184,206,294,399,500
Dom,UNAM,4–2,Puebla,4,2,1,294,206,204,301,500,505,242,188,242,271,430,513
Dom,Veracruz,1–2,León,1,2,0,109,69,138,191,178,329,332,240,225,278,572,503
Sáb,UANL,2–2,Cruz Azul,2,2,-1,367,253,189,214,620,403,264,211,193,227,475,420
Sáb,Pachuca,3–1,Santos,3,1,1,329,249,197,272,578,469,321,220,214,297,541,511
Sáb,Morelia,0–1,Toluca,0,1,0,148,138,147,177,286,324,332,212,216,283,544,499
Sáb,América,0–0,Monterrey,0,0,-1,363,310,198,246,673,444,354,254,181,257,608,438
Sáb,Cruz Azul,2–0,Morelia,2,0,1,264,211,193,227,475,420,148,138,147,177,286,324
Sáb,Querétaro,0–0,Pachuca,0,0,-1,215,184,206,294,399,500,329,249,197,272,578,469
Vie,Puebla,3–1,América,3,1,1,242,188,242,271,430,513,363,310,198,246,673,444
Vie,Atlas,1–0,Guadalajara,1,0,1,198,201,207,268,399,475,233,212,204,222,445,426
Dom,Toluca,3–0,Veracruz,3,0,1,332,212,216,283,544,499,109,69,138,191,178,329
Dom,Santos,1–2,UNAM,1,2,0,321,220,214,297,541,511,294,206,204,301,500,505
Sáb,Monterrey,4–0,Lobos BUAP,4,0,1,354,254,181,257,608,438,47,35,50,73,82,123
Sáb,León,1–1,Tijuana,1,1,-1,332,240,225,278,572,503,247,160,200,308,407,508
Sáb,Necaxa,1–1,UANL,1,1,-1,181,164,174,202,345,376,367,253,189,214,620,403
Sáb,Lobos BUAP,0–1,Puebla,0,1,0,47,35,50,73,82,123,242,188,242,271,430,513
Vie,Morelia,2–2,Necaxa,2,2,-1,148,138,147,177,286,324,181,164,174,202,345,376
Vie,Tijuana,1–0,Toluca,1,0,1,247,160,200,308,407,508,332,212,216,283,544,499
Dom,UNAM,1–1,Querétaro,1,1,-1,294,206,204,301,500,505,215,184,206,294,399,500
Dom,Veracruz,1–2,Cruz Azul,1,2,0,109,69,138,191,178,329,264,211,193,227,475,420
Sáb,UANL,2–2,Monterrey,2,2,-1,367,253,189,214,620,403,354,254,181,257,608,438
Sáb,Pachuca,0–0,Atlas,0,0,-1,329,249,197,272,578,469,198,201,207,268,399,475
Sáb,América,1–0,Santos,1,0,1,363,310,198,246,673,444,321,220,214,297,541,511
Sáb,Guadalajara,0–2,León,0,2,0,233,212,204,222,445,426,332,240,225,278,572,503
Mié,UNAM,1–4,América,1,4,0,294,206,204,301,500,505,363,310,198,246,673,444
Mié,Tijuana,1–1,Monterrey,1,1,-1,247,160,200,308,407,508,354,254,181,257,608,438
Jue,UANL,2–0,Santos,2,0,1,367,253,189,214,620,403,321,220,214,297,541,511
Jue,Morelia,2–2,Toluca,2,2,-1,148,138,147,177,286,324,332,212,216,283,544,499
Dom,Toluca,2–2,Morelia,2,2,-1,332,212,216,283,544,499,148,138,147,177,286,324
Dom,Santos,2–0,UANL,2,0,1,321,220,214,297,541,511,367,253,189,214,620,403
Sáb,América,2–1,UNAM,2,1,1,363,310,198,246,673,444,294,206,204,301,500,505
Sáb,Monterrey,1–2,Tijuana,1,2,0,354,254,181,257,608,438,247,160,200,308,407,508
Jue,Tijuana,2–1,Toluca,2,1,1,247,160,200,308,407,508,332,212,216,283,544,499
Jue,Santos,4–1,América,4,1,1,321,220,214,297,541,511,363,310,198,246,673,444
Dom,Toluca,4–1,Tijuana,4,1,1,332,212,216,283,544,499,247,160,200,308,407,508
Dom,América,2–2,Santos,2,2,-1,363,310,198,246,673,444,321,220,214,297,541,511
Jue,Santos,2–1,Toluca,2,1,1,321,220,214,297,541,511,332,212,216,283,544,499
Dom,Toluca,1–1,Santos,1,1,-1,332,212,216,283,544,499,321,220,214,297,541,511
Sáb,Querétaro,2–0,Veracruz,2,0,1,215,184,206,294,399,500,109,69,138,191,178,329
Vie,Tijuana,2–0,Morelia,2,0,1,247,160,200,308,407,508,148,138,147,177,286,324
Dom,UNAM,1–0,Guadalajara,1,0,1,294,206,204,301,500,505,233,212,204,222,445,426
Dom,Santos,0–0,UANL,0,0,-1,321,220,214,297,541,511,367,253,189,214,620,403
Sáb,Atlas,1–1,Toluca,1,1,-1,198,201,207,268,399,475,332,212,216,283,544,499
Sáb,Monterrey,1–1,Puebla,1,1,-1,354,254,181,257,608,438,242,188,242,271,430,513
Sáb,Pachuca,5–1,León,5,1,1,329,249,197,272,578,469,332,240,225,278,572,503
Sáb,América,2–0,Chiapas,2,0,1,363,310,198,246,673,444,71,51,75,98,122,173
Sáb,Necaxa,0–0,Cruz Azul,0,0,-1,181,164,174,202,345,376,264,211,193,227,475,420
Sáb,Chiapas,0–2,Pachuca,0,2,0,71,51,75,98,122,173,329,249,197,272,578,469
Sáb,Cruz Azul,0–0,UNAM,0,0,-1,264,211,193,227,475,420,294,206,204,301,500,505
Vie,Veracruz,2–0,Santos,2,0,1,109,69,138,191,178,329,321,220,214,297,541,511
Dom,Puebla,3–2,Tijuana,3,2,1,242,188,242,271,430,513,247,160,200,308,407,508
Sáb,Morelia,2–2,Querétaro,2,2,-1,148,138,147,177,286,324,215,184,206,294,399,500
Sáb,UANL,0–0,Atlas,0,0,-1,367,253,189,214,620,403,198,201,207,268,399,475
Sáb,León,0–0,Necaxa,0,0,-1,332,240,225,278,572,503,181,164,174,202,345,376
Sáb,Guadalajara,1–0,Monterrey,1,0,1,233,212,204,222,445,426,354,254,181,257,608,438
Sáb,América,3–1,Toluca,3,1,1,363,310,198,246,673,444,332,212,216,283,544,499
Sáb,Querétaro,2–1,Puebla,2,1,1,215,184,206,294,399,500,242,188,242,271,430,513
Vie,Tijuana,4–0,Guadalajara,4,0,1,247,160,200,308,407,508,233,212,204,222,445,426
Dom,UNAM,1–0,León,1,0,1,294,206,204,301,500,505,332,240,225,278,572,503
Dom,Chiapas,1–0,Toluca,1,0,1,71,51,75,98,122,173,332,212,216,283,544,499
Dom,Santos,2–4,Morelia,2,4,0,321,220,214,297,541,511,148,138,147,177,286,324
Sáb,Atlas,1–0,Veracruz,1,0,1,198,201,207,268,399,475,109,69,138,191,178,329
Sáb,Monterrey,1–1,Cruz Azul,1,1,-1,354,254,181,257,608,438,264,211,193,227,475,420
Sáb,Pachuca,1–0,Necaxa,1,0,1,329,249,197,272,578,469,181,164,174,202,345,376
Sáb,América,0–3,UANL,0,3,0,363,310,198,246,673,444,367,253,189,214,620,403
Sáb,Cruz Azul,1–2,Tijuana,1,2,0,264,211,193,227,475,420,247,160,200,308,407,508
Dom,Toluca,2–0,Pachuca,2,0,1,332,212,216,283,544,499,329,249,197,272,578,469
Dom,Puebla,0–0,Santos,0,0,-1,242,188,242,271,430,513,321,220,214,297,541,511
Sáb,Morelia,3–2,Atlas,3,2,1,148,138,147,177,286,324,198,201,207,268,399,475
Sáb,UANL,1–0,Chiapas,1,0,1,367,253,189,214,620,403,71,51,75,98,122,173
Sáb,León,0–3,Monterrey,0,3,0,332,240,225,278,572,503,354,254,181,257,608,438
Sáb,Veracruz,2–4,América,2,4,0,109,69,138,191,178,329,363,310,198,246,673,444
Sáb,Necaxa,2–2,UNAM,2,2,-1,181,164,174,202,345,376,294,206,204,301,500,505
Sáb,Guadalajara,0–0,Querétaro,0,0,-1,233,212,204,222,445,426,215,184,206,294,399,500
Sáb,Querétaro,0–0,Cruz Azul,0,0,-1,215,184,206,294,399,500,264,211,193,227,475,420
Vie,Tijuana,2–0,León,2,0,1,247,160,200,308,407,508,332,240,225,278,572,503
Dom,Toluca,0–0,UANL,0,0,-1,332,212,216,283,544,499,367,253,189,214,620,403
Dom,Chiapas,1–1,Veracruz,1,1,-1,71,51,75,98,122,173,109,69,138,191,178,329
Dom,Santos,0–1,Guadalajara,0,1,0,321,220,214,297,541,511,233,212,204,222,445,426
Sáb,Monterrey,2–1,Necaxa,2,1,1,354,254,181,257,608,438,181,164,174,202,345,376
Sáb,Atlas,3–2,Puebla,3,2,1,198,201,207,268,399,475,242,188,242,271,430,513
Sáb,Pachuca,3–0,UNAM,3,0,1,329,249,197,272,578,469,294,206,204,301,500,505
Sáb,América,1–1,Morelia,1,1,-1,363,310,198,246,673,444,148,138,147,177,286,324
Sáb,Cruz Azul,3–1,Santos,3,1,1,264,211,193,227,475,420,321,220,214,297,541,511
Vie,Veracruz,2–2,Toluca,2,2,-1,109,69,138,191,178,329,332,212,216,283,544,499
Dom,UNAM,5–3,Monterrey,5,3,1,294,206,204,301,500,505,354,254,181,257,608,438
Dom,Puebla,2–2,América,2,2,-1,242,188,242,271,430,513,363,310,198,246,673,444
Sáb,UANL,4–2,Pachuca,4,2,1,367,253,189,214,620,403,329,249,197,272,578,469
Sáb,Morelia,3–2,Chiapas,3,2,1,148,138,147,177,286,324,71,51,75,98,122,173
Sáb,León,2–1,Querétaro,2,1,1,332,240,225,278,572,503,215,184,206,294,399,500
Sáb,Necaxa,1–1,Tijuana,1,1,-1,181,164,174,202,345,376,247,160,200,308,407,508
Sáb,Guadalajara,2–2,Atlas,2,2,-1,233,212,204,222,445,426,198,201,207,268,399,475
Sáb,Querétaro,1–2,Necaxa,1,2,0,215,184,206,294,399,500,181,164,174,202,345,376
Vie,Tijuana,1–0,UNAM,1,0,1,247,160,200,308,407,508,294,206,204,301,500,505
Dom,Toluca,2–2,Morelia,2,2,-1,332,212,216,283,544,499,148,138,147,177,286,324
Dom,Chiapas,0–3,Puebla,0,3,0,71,51,75,98,122,173,242,188,242,271,430,513
Dom,Santos,1–0,León,1,0,1,321,220,214,297,541,511,332,240,225,278,572,503
Sáb,UANL,1–1,Veracruz,1,1,-1,367,253,189,214,620,403,109,69,138,191,178,329
Sáb,Atlas,1–1,Cruz Azul,1,1,-1,198,201,207,268,399,475,264,211,193,227,475,420
Sáb,Pachuca,1–1,Monterrey,1,1,-1,329,249,197,272,578,469,354,254,181,257,608,438
Sáb,América,0–3,Guadalajara,0,3,0,363,310,198,246,673,444,233,212,204,222,445,426
Sáb,Cruz Azul,3–4,América,3,4,0,264,211,193,227,475,420,363,310,198,246,673,444
Vie,Veracruz,1–0,Pachuca,1,0,1,109,69,138,191,178,329,329,249,197,272,578,469
Dom,UNAM,4–1,Querétaro,4,1,1,294,206,204,301,500,505,215,184,206,294,399,500
Dom,Puebla,0–2,Toluca,0,2,0,242,188,242,271,430,513,332,212,216,283,544,499
Sáb,Morelia,0–2,UANL,0,2,0,148,138,147,177,286,324,367,253,189,214,620,403
Sáb,Monterrey,0–0,Tijuana,0,0,-1,354,254,181,257,608,438,247,160,200,308,407,508
Sáb,León,4–1,Atlas,4,1,1,332,240,225,278,572,503,198,201,207,268,399,475
Sáb,Necaxa,2–1,Santos,2,1,1,181,164,174,202,345,376,321,220,214,297,541,511
Sáb,Guadalajara,2–0,Chiapas,2,0,1,233,212,204,222,445,426,71,51,75,98,122,173
Sáb,Toluca,2–1,Guadalajara,2,1,1,332,212,216,283,544,499,233,212,204,222,445,426
Sáb,Querétaro,1–0,Monterrey,1,0,1,215,184,206,294,399,500,354,254,181,257,608,438
Vie,Veracruz,1–3,Morelia,1,3,0,109,69,138,191,178,329,148,138,147,177,286,324
Dom,Santos,3–1,UNAM,3,1,1,321,220,214,297,541,511,294,206,204,301,500,505
Sáb,UANL,2–1,Puebla,2,1,1,367,253,189,214,620,403,242,188,242,271,430,513
Sáb,Chiapas,0–3,Cruz Azul,0,3,0,71,51,75,98,122,173,264,211,193,227,475,420
Sáb,Atlas,0–0,Necaxa,0,0,-1,198,201,207,268,399,475,181,164,174,202,345,376
Sáb,Pachuca,2–2,Tijuana,2,2,-1,329,249,197,272,578,469,247,160,200,308,407,508
Sáb,América,0–2,León,0,2,0,363,310,198,246,673,444,332,240,225,278,572,503
Mar,Morelia,1–5,Pachuca,1,5,0,148,138,147,177,286,324,329,249,197,272,578,469
Mar,Guadalajara,0–1,UANL,0,1,0,233,212,204,222,445,426,367,253,189,214,620,403
Mar,Cruz Azul,0–1,Toluca,0,1,0,264,211,193,227,475,420,332,212,216,283,544,499
Mar,Puebla,3–2,Veracruz,3,2,1,242,188,242,271,430,513,109,69,138,191,178,329
Mar,Necaxa,1–1,América,1,1,-1,181,164,174,202,345,376,363,310,198,246,673,444
Mié,León,0–0,Chiapas,0,0,-1,332,240,225,278,572,503,71,51,75,98,122,173
Mié,Tijuana,2–1,Querétaro,2,1,1,247,160,200,308,407,508,215,184,206,294,399,500
Mié,UNAM,2–0,Atlas,2,0,1,294,206,204,301,500,505,198,201,207,268,399,475
Mié,Monterrey,5–2,Santos,5,2,1,354,254,181,257,608,438,321,220,214,297,541,511
Sáb,Chiapas,2–2,Necaxa,2,2,-1,71,51,75,98,122,173,181,164,174,202,345,376
Vie,Veracruz,0–1,Guadalajara,0,1,0,109,69,138,191,178,329,233,212,204,222,445,426
Dom,Toluca,1–1,León,1,1,-1,332,212,216,283,544,499,332,240,225,278,572,503
Dom,Santos,1–2,Tijuana,1,2,0,321,220,214,297,541,511,247,160,200,308,407,508
Sáb,Atlas,3–1,Monterrey,3,1,1,198,201,207,268,399,475,354,254,181,257,608,438
Sáb,Morelia,2–3,Puebla,2,3,0,148,138,147,177,286,324,242,188,242,271,430,513
Sáb,UANL,0–0,Cruz Azul,0,0,-1,367,253,189,214,620,403,264,211,193,227,475,420
Sáb,Pachuca,2–0,Querétaro,2,0,1,329,249,197,272,578,469,215,184,206,294,399,500
Sáb,América,2–1,UNAM,2,1,1,363,310,198,246,673,444,294,206,204,301,500,505
Sáb,Querétaro,1–1,Santos,1,1,-1,215,184,206,294,399,500,321,220,214,297,541,511
Sáb,Cruz Azul,5–3,Veracruz,5,3,1,264,211,193,227,475,420,109,69,138,191,178,329
Vie,Tijuana,1–0,Atlas,1,0,1,247,160,200,308,407,508,198,201,207,268,399,475
Dom,UNAM,1–0,Chiapas,1,0,1,294,206,204,301,500,505,71,51,75,98,122,173
Dom,Puebla,1–1,Pachuca,1,1,-1,242,188,242,271,430,513,329,249,197,272,578,469
Sáb,Monterrey,1–1,América,1,1,-1,354,254,181,257,608,438,363,310,198,246,673,444
Sáb,León,3–2,UANL,3,2,1,332,240,225,278,572,503,367,253,189,214,620,403
Sáb,Guadalajara,2–1,Morelia,2,1,1,233,212,204,222,445,426,148,138,147,177,286,324
Sáb,Necaxa,3–1,Toluca,3,1,1,181,164,174,202,345,376,332,212,216,283,544,499
Sáb,Chiapas,1–4,Monterrey,1,4,0,71,51,75,98,122,173,354,254,181,257,608,438
Vie,Veracruz,2–3,León,2,3,0,109,69,138,191,178,329,332,240,225,278,572,503
Dom,Toluca,2–1,UNAM,2,1,1,332,212,216,283,544,499,294,206,204,301,500,505
Dom,Puebla,0–2,Guadalajara,0,2,0,242,188,242,271,430,513,233,212,204,222,445,426
Sáb,UANL,0–2,Necaxa,0,2,0,367,253,189,214,620,403,181,164,174,202,345,376
Sáb,Morelia,1–1,Cruz Azul,1,1,-1,148,138,147,177,286,324,264,211,193,227,475,420
Sáb,Atlas,2–1,Querétaro,2,1,1,198,201,207,268,399,475,215,184,206,294,399,500
Sáb,Pachuca,3–0,Santos,3,0,1,329,249,197,272,578,469,321,220,214,297,541,511
Sáb,América,1–0,Tijuana,1,0,1,363,310,198,246,673,444,247,160,200,308,407,508
Sáb,Cruz Azul,1–2,Puebla,1,2,0,264,211,193,227,475,420,242,188,242,271,430,513
Vie,Tijuana,2–0,Chiapas,2,0,1,247,160,200,308,407,508,71,51,75,98,122,173
Dom,UNAM,1–3,UANL,1,3,0,294,206,204,301,500,505,367,253,189,214,620,403
Dom,Santos,2–2,Atlas,2,2,-1,321,220,214,297,541,511,198,201,207,268,399,475
Sáb,Querétaro,1–1,América,1,1,-1,215,184,206,294,399,500,363,310,198,246,673,444
Sáb,Monterrey,1–1,Toluca,1,1,-1,354,254,181,257,608,438,332,212,216,283,544,499
Sáb,Necaxa,3–2,Veracruz,3,2,1,181,164,174,202,345,376,109,69,138,191,178,329
Sáb,León,3–1,Morelia,3,1,1,332,240,225,278,572,503,148,138,147,177,286,324
Dom,Guadalajara,1–2,Pachuca,1,2,0,233,212,204,222,445,426,329,249,197,272,578,469
Sáb,Chiapas,1–2,Querétaro,1,2,0,71,51,75,98,122,173,215,184,206,294,399,500
Vie,Veracruz,1–4,UNAM,1,4,0,109,69,138,191,178,329,294,206,204,301,500,505
Dom,Toluca,0–1,Tijuana,0,1,0,332,212,216,283,544,499,247,160,200,308,407,508
Sáb,UANL,1–1,Monterrey,1,1,-1,367,253,189,214,620,403,354,254,181,257,608,438
Sáb,Morelia,2–1,Necaxa,2,1,1,148,138,147,177,286,324,181,164,174,202,345,376
Sáb,Pachuca,3–2,Atlas,3,2,1,329,249,197,272,578,469,198,201,207,268,399,475
Sáb,América,3–1,Santos,3,1,1,363,310,198,246,673,444,321,220,214,297,541,511
Sáb,Guadalajara,3–2,Cruz Azul,3,2,1,233,212,204,222,445,426,264,211,193,227,475,420
Dom,Puebla,2–2,León,2,2,-1,242,188,242,271,430,513,332,240,225,278,572,503
Sáb,Querétaro,2–3,Toluca,2,3,0,215,184,206,294,399,500,332,212,216,283,544,499
Sáb,Cruz Azul,2–1,Pachuca,2,1,1,264,211,193,227,475,420,329,249,197,272,578,469
Vie,Tijuana,0–1,UANL,0,1,0,247,160,200,308,407,508,367,253,189,214,620,403
Dom,UNAM,1–1,Morelia,1,1,-1,294,206,204,301,500,505,148,138,147,177,286,324
Sáb,Atlas,1–1,América,1,1,-1,198,201,207,268,399,475,363,310,198,246,673,444
Sáb,Monterrey,4–0,Veracruz,4,0,1,354,254,181,257,608,438,109,69,138,191,178,329
Sáb,León,1–1,Guadalajara,1,1,-1,332,240,225,278,572,503,233,212,204,222,445,426
Sáb,Necaxa,3–1,Puebla,3,1,1,181,164,174,202,345,376,242,188,242,271,430,513
Dom,Santos,2–0,Chiapas,2,0,1,321,220,214,297,541,511,71,51,75,98,122,173
Sáb,Chiapas,1–0,Atlas,1,0,1,71,51,75,98,122,173,198,201,207,268,399,475
Sáb,Cruz Azul,2–3,León,2,3,0,264,211,193,227,475,420,332,240,225,278,572,503
Vie,Veracruz,2–1,Tijuana,2,1,1,109,69,138,191,178,329,247,160,200,308,407,508
Dom,Toluca,1–2,Santos,1,2,0,332,212,216,283,544,499,321,220,214,297,541,511
Sáb,Morelia,1–2,Monterrey,1,2,0,148,138,147,177,286,324,354,254,181,257,608,438
Sáb,UANL,1–2,Querétaro,1,2,0,367,253,189,214,620,403,215,184,206,294,399,500
Sáb,Pachuca,3–3,América,3,3,-1,329,249,197,272,578,469,363,310,198,246,673,444
Sáb,Guadalajara,1–1,Necaxa,1,1,-1,233,212,204,222,445,426,181,164,174,202,345,376
Dom,Puebla,0–3,UNAM,0,3,0,242,188,242,271,430,513,294,206,204,301,500,505
Mié,León,3–0,Tijuana,3,0,1,332,240,225,278,572,503,247,160,200,308,407,508
Mié,UNAM,2–2,UANL,2,2,-1,294,206,204,301,500,505,367,253,189,214,620,403
Jue,Necaxa,2–1,Pachuca,2,1,1,181,164,174,202,345,376,329,249,197,272,578,469
Jue,América,1–1,Guadalajara,1,1,-1,363,310,198,246,673,444,233,212,204,222,445,426
Sáb,Tijuana,3–2,León,3,2,1,247,160,200,308,407,508,332,240,225,278,572,503
Sáb,UANL,5–0,UNAM,5,0,1,367,253,189,214,620,403,294,206,204,301,500,505
Dom,Guadalajara,0–1,América,0,1,0,233,212,204,222,445,426,363,310,198,246,673,444
Dom,Pachuca,0–0,Necaxa,0,0,-1,329,249,197,272,578,469,181,164,174,202,345,376
Mié,León,0–1,UANL,0,1,0,332,240,225,278,572,503,367,253,189,214,620,403
Jue,Necaxa,1–1,América,1,1,-1,181,164,174,202,345,376,363,310,198,246,673,444
Sáb,UANL,2–1,León,2,1,1,367,253,189,214,620,403,332,240,225,278,572,503
Dom,América,2–0,Necaxa,2,0,1,363,310,198,246,673,444,181,164,174,202,345,376
Jue,América,1–1,UANL,1,1,-1,363,310,198,246,673,444,367,253,189,214,620,403
Dom,UANL,1–1,América,1,1,-1,367,253,189,214,620,403,363,310,198,246,673,444
Sáb,Cruz Azul,1–0,Necaxa,1,0,1,264,211,193,227,475,420,181,164,174,202,345,376
Vie,Veracruz,1–0,Querétaro,1,0,1,109,69,138,191,178,329,215,184,206,294,399,500
Dom,Toluca,4–1,Atlas,4,1,1,332,212,216,283,544,499,198,201,207,268,399,475
Sáb,Morelia,2–0,Tijuana,2,0,1,148,138,147,177,286,324,247,160,200,308,407,508
Sáb,UANL,0–0,Santos,0,0,-1,367,253,189,214,620,403,321,220,214,297,541,511
Sáb,León,2–4,Pachuca,2,4,0,332,240,225,278,572,503,329,249,197,272,578,469
Sáb,Guadalajara,2–1,UNAM,2,1,1,233,212,204,222,445,426,294,206,204,301,500,505
Dom,Puebla,2–3,Monterrey,2,3,0,242,188,242,271,430,513,354,254,181,257,608,438
Sáb,Querétaro,0–0,Morelia,0,0,-1,215,184,206,294,399,500,148,138,147,177,286,324
Vie,Tijuana,6–2,Puebla,6,2,1,247,160,200,308,407,508,242,188,242,271,430,513
Dom,UNAM,1–0,Cruz Azul,1,0,1,294,206,204,301,500,505,264,211,193,227,475,420
Dom,Toluca,2–1,América,2,1,1,332,212,216,283,544,499,363,310,198,246,673,444
Sáb,Monterrey,2–2,Guadalajara,2,2,-1,354,254,181,257,608,438,233,212,204,222,445,426
Sáb,Atlas,2–0,UANL,2,0,1,198,201,207,268,399,475,367,253,189,214,620,403
Sáb,Pachuca,1–0,Chiapas,1,0,1,329,249,197,272,578,469,71,51,75,98,122,173
Sáb,Necaxa,0–1,León,0,1,0,181,164,174,202,345,376,332,240,225,278,572,503
Dom,Santos,2–1,Veracruz,2,1,1,321,220,214,297,541,511,109,69,138,191,178,329
Sáb,Cruz Azul,2–2,Monterrey,2,2,-1,264,211,193,227,475,420,354,254,181,257,608,438
Vie,Veracruz,1–0,Atlas,1,0,1,109,69,138,191,178,329,198,201,207,268,399,475
Dom,Toluca,0–1,Chiapas,0,1,0,332,212,216,283,544,499,71,51,75,98,122,173
Sáb,Morelia,1–1,Santos,1,1,-1,148,138,147,177,286,324,321,220,214,297,541,511
Sáb,UANL,4–2,América,4,2,1,367,253,189,214,620,403,363,310,198,246,673,444
Sáb,León,0–1,UNAM,0,1,0,332,240,225,278,572,503,294,206,204,301,500,505
Sáb,Necaxa,1–0,Pachuca,1,0,1,181,164,174,202,345,376,329,249,197,272,578,469
Sáb,Guadalajara,0–1,Tijuana,0,1,0,233,212,204,222,445,426,247,160,200,308,407,508
Dom,Puebla,0–0,Querétaro,0,0,-1,242,188,242,271,430,513,215,184,206,294,399,500
Sáb,Querétaro,0–1,Guadalajara,0,1,0,215,184,206,294,399,500,233,212,204,222,445,426
Vie,Tijuana,1–0,Cruz Azul,1,0,1,247,160,200,308,407,508,264,211,193,227,475,420
Dom,UNAM,3–1,Necaxa,3,1,1,294,206,204,301,500,505,181,164,174,202,345,376
Dom,Chiapas,1–0,UANL,1,0,1,71,51,75,98,122,173,367,253,189,214,620,403
Sáb,Atlas,3–1,Morelia,3,1,1,198,201,207,268,399,475,148,138,147,177,286,324
Sáb,Monterrey,0–0,León,0,0,-1,354,254,181,257,608,438,332,240,225,278,572,503
Sáb,Pachuca,0–0,Toluca,0,0,-1,329,249,197,272,578,469,332,212,216,283,544,499
Sáb,América,1–0,Veracruz,1,0,1,363,310,198,246,673,444,109,69,138,191,178,329
Dom,Santos,2–0,Puebla,2,0,1,321,220,214,297,541,511,242,188,242,271,430,513
Sáb,Cruz Azul,1–1,Querétaro,1,1,-1,264,211,193,227,475,420,215,184,206,294,399,500
Vie,Puebla,1–1,Atlas,1,1,-1,242,188,242,271,430,513,198,201,207,268,399,475
Vie,Veracruz,2–0,Chiapas,2,0,1,109,69,138,191,178,329,71,51,75,98,122,173
Dom,UNAM,1–1,Pachuca,1,1,-1,294,206,204,301,500,505,329,249,197,272,578,469
Dom,Guadalajara,1–1,Santos,1,1,-1,233,212,204,222,445,426,321,220,214,297,541,511
Sáb,UANL,0–1,Toluca,0,1,0,367,253,189,214,620,403,332,212,216,283,544,499
Sáb,Morelia,0–2,América,0,2,0,148,138,147,177,286,324,363,310,198,246,673,444
Sáb,León,2–4,Tijuana,2,4,0,332,240,225,278,572,503,247,160,200,308,407,508
Sáb,Necaxa,1–1,Monterrey,1,1,-1,181,164,174,202,345,376,354,254,181,257,608,438
Mar,Chiapas,2–0,América,2,0,1,71,51,75,98,122,173,363,310,198,246,673,444
Sáb,Querétaro,2–1,León,2,1,1,215,184,206,294,399,500,332,240,225,278,572,503
Vie,Tijuana,1–2,Necaxa,1,2,0,247,160,200,308,407,508,181,164,174,202,345,376
Dom,Toluca,1–0,Veracruz,1,0,1,332,212,216,283,544,499,109,69,138,191,178,329
Dom,Chiapas,1–2,Morelia,1,2,0,71,51,75,98,122,173,148,138,147,177,286,324
Sáb,Atlas,1–2,Guadalajara,1,2,0,198,201,207,268,399,475,233,212,204,222,445,426
Sáb,Monterrey,2–0,UNAM,2,0,1,354,254,181,257,608,438,294,206,204,301,500,505
Sáb,Pachuca,1–0,UANL,1,0,1,329,249,197,272,578,469,367,253,189,214,620,403
Sáb,América,0–0,Puebla,0,0,-1,363,310,198,246,673,444,242,188,242,271,430,513
Dom,Santos,2–2,Cruz Azul,2,2,-1,321,220,214,297,541,511,264,211,193,227,475,420
Sáb,Cruz Azul,0–1,Atlas,0,1,0,264,211,193,227,475,420,198,201,207,268,399,475
Vie,Veracruz,0–3,UANL,0,3,0,109,69,138,191,178,329,367,253,189,214,620,403
Dom,UNAM,3–3,Tijuana,3,3,-1,294,206,204,301,500,505,247,160,200,308,407,508
Dom,Puebla,3–0,Chiapas,3,0,1,242,188,242,271,430,513,71,51,75,98,122,173
Sáb,Monterrey,1–0,Pachuca,1,0,1,354,254,181,257,608,438,329,249,197,272,578,469
Sáb,Morelia,1–2,Toluca,1,2,0,148,138,147,177,286,324,332,212,216,283,544,499
Sáb,León,2–2,Santos,2,2,-1,332,240,225,278,572,503,321,220,214,297,541,511
Sáb,Necaxa,1–4,Querétaro,1,4,0,181,164,174,202,345,376,215,184,206,294,399,500
Sáb,Guadalajara,1–0,América,1,0,1,233,212,204,222,445,426,363,310,198,246,673,444
Sáb,Querétaro,4–3,UNAM,4,3,1,215,184,206,294,399,500,294,206,204,301,500,505
Vie,Tijuana,2–0,Monterrey,2,0,1,247,160,200,308,407,508,354,254,181,257,608,438
Dom,Toluca,1–3,Puebla,1,3,0,332,212,216,283,544,499,242,188,242,271,430,513
Dom,Chiapas,4–3,Guadalajara,4,3,1,71,51,75,98,122,173,233,212,204,222,445,426
Sáb,UANL,1–1,Morelia,1,1,-1,367,253,189,214,620,403,148,138,147,177,286,324
Sáb,Atlas,2–0,León,2,0,1,198,201,207,268,399,475,332,240,225,278,572,503
Sáb,Pachuca,1–0,Veracruz,1,0,1,329,249,197,272,578,469,109,69,138,191,178,329
Sáb,América,2–0,Cruz Azul,2,0,1,363,310,198,246,673,444,264,211,193,227,475,420
Dom,Santos,2–2,Necaxa,2,2,-1,321,220,214,297,541,511,181,164,174,202,345,376
Sáb,Cruz Azul,2–0,Chiapas,2,0,1,264,211,193,227,475,420,71,51,75,98,122,173
Vie,Tijuana,2–3,Pachuca,2,3,0,247,160,200,308,407,508,329,249,197,272,578,469
Dom,UNAM,2–1,Santos,2,1,1,294,206,204,301,500,505,321,220,214,297,541,511
Dom,Puebla,0–2,UANL,0,2,0,242,188,242,271,430,513,367,253,189,214,620,403
Sáb,Monterrey,4–1,Querétaro,4,1,1,354,254,181,257,608,438,215,184,206,294,399,500
Sáb,Morelia,1–0,Veracruz,1,0,1,148,138,147,177,286,324,109,69,138,191,178,329
Sáb,León,1–1,América,1,1,-1,332,240,225,278,572,503,363,310,198,246,673,444
Sáb,Necaxa,1–1,Atlas,1,1,-1,181,164,174,202,345,376,198,201,207,268,399,475
Sáb,Guadalajara,2–0,Toluca,2,0,1,233,212,204,222,445,426,332,212,216,283,544,499
Sáb,Querétaro,3–0,Pachuca,3,0,1,215,184,206,294,399,500,329,249,197,272,578,469
Sáb,Cruz Azul,0–0,UANL,0,0,-1,264,211,193,227,475,420,367,253,189,214,620,403
Vie,Tijuana,1–1,Santos,1,1,-1,247,160,200,308,407,508,321,220,214,297,541,511
Dom,UNAM,2–3,América,2,3,0,294,206,204,301,500,505,363,310,198,246,673,444
Sáb,Monterrey,2–0,Atlas,2,0,1,354,254,181,257,608,438,198,201,207,268,399,475
Sáb,León,2–3,Toluca,2,3,0,332,240,225,278,572,503,332,212,216,283,544,499
Sáb,Necaxa,2–2,Chiapas,2,2,-1,181,164,174,202,345,376,71,51,75,98,122,173
Sáb,Guadalajara,2–0,Veracruz,2,0,1,233,212,204,222,445,426,109,69,138,191,178,329
Dom,Puebla,0–1,Morelia,0,1,0,242,188,242,271,430,513,148,138,147,177,286,324
Sáb,Chiapas,0–3,UNAM,0,3,0,71,51,75,98,122,173,294,206,204,301,500,505
Vie,Veracruz,3–1,Cruz Azul,3,1,1,109,69,138,191,178,329,264,211,193,227,475,420
Dom,Toluca,2–0,Necaxa,2,0,1,332,212,216,283,544,499,181,164,174,202,345,376
Dom,Santos,1–0,Querétaro,1,0,1,321,220,214,297,541,511,215,184,206,294,399,500
Sáb,UANL,0–1,León,0,1,0,367,253,189,214,620,403,332,240,225,278,572,503
Sáb,Atlas,3–3,Tijuana,3,3,-1,198,201,207,268,399,475,247,160,200,308,407,508
Sáb,Morelia,0–0,Guadalajara,0,0,-1,148,138,147,177,286,324,233,212,204,222,445,426
Sáb,Pachuca,0–0,Puebla,0,0,-1,329,249,197,272,578,469,242,188,242,271,430,513
Sáb,América,1–0,Monterrey,1,0,1,363,310,198,246,673,444,354,254,181,257,608,438
Sáb,Cruz Azul,1–1,Morelia,1,1,-1,264,211,193,227,475,420,148,138,147,177,286,324
Sáb,Querétaro,1–4,Atlas,1,4,0,215,184,206,294,399,500,198,201,207,268,399,475
Vie,Tijuana,0–0,América,0,0,-1,247,160,200,308,407,508,363,310,198,246,673,444
Dom,UNAM,0–1,Toluca,0,1,0,294,206,204,301,500,505,332,212,216,283,544,499
Dom,Santos,1–0,Pachuca,1,0,1,321,220,214,297,541,511,329,249,197,272,578,469
Sáb,Monterrey,4–1,Chiapas,4,1,1,354,254,181,257,608,438,71,51,75,98,122,173
Sáb,León,4–0,Veracruz,4,0,1,332,240,225,278,572,503,109,69,138,191,178,329
Sáb,Necaxa,1–1,UANL,1,1,-1,181,164,174,202,345,376,367,253,189,214,620,403
Sáb,Guadalajara,3–2,Puebla,3,2,1,233,212,204,222,445,426,242,188,242,271,430,513
Mar,Chiapas,0–0,León,0,0,-1,71,51,75,98,122,173,332,240,225,278,572,503
Mar,Veracruz,3–2,Puebla,3,2,1,109,69,138,191,178,329,242,188,242,271,430,513
Mar,UANL,3–0,Guadalajara,3,0,1,367,253,189,214,620,403,233,212,204,222,445,426
Mié,Querétaro,0–1,Tijuana,0,1,0,215,184,206,294,399,500,247,160,200,308,407,508
Mié,Santos,2–2,Monterrey,2,2,-1,321,220,214,297,541,511,354,254,181,257,608,438
Mié,América,1–0,Necaxa,1,0,1,363,310,198,246,673,444,181,164,174,202,345,376
Mié,Pachuca,0–0,Morelia,0,0,-1,329,249,197,272,578,469,148,138,147,177,286,324
Mié,Atlas,1–1,UNAM,1,1,-1,198,201,207,268,399,475,294,206,204,301,500,505
Jue,Toluca,0–2,Cruz Azul,0,2,0,332,212,216,283,544,499,264,211,193,227,475,420
Sáb,Chiapas,1–2,Tijuana,1,2,0,71,51,75,98,122,173,247,160,200,308,407,508
Dom,Toluca,1–1,Monterrey,1,1,-1,332,212,216,283,544,499,354,254,181,257,608,438
Dom,Puebla,2–1,Cruz Azul,2,1,1,242,188,242,271,430,513,264,211,193,227,475,420
Sáb,UANL,4–0,UNAM,4,0,1,367,253,189,214,620,403,294,206,204,301,500,505
Sáb,Morelia,1–2,León,1,2,0,148,138,147,177,286,324,332,240,225,278,572,503
Sáb,Veracruz,0–1,Necaxa,0,1,0,109,69,138,191,178,329,181,164,174,202,345,376
Sáb,Atlas,1–1,Santos,1,1,-1,198,201,207,268,399,475,321,220,214,297,541,511
Sáb,Pachuca,0–0,Guadalajara,0,0,-1,329,249,197,272,578,469,233,212,204,222,445,426
Sáb,América,1–0,Querétaro,1,0,1,363,310,198,246,673,444,215,184,206,294,399,500
Sáb,Cruz Azul,2–1,Guadalajara,2,1,1,264,211,193,227,475,420,233,212,204,222,445,426
Sáb,Querétaro,2–2,Chiapas,2,2,-1,215,184,206,294,399,500,71,51,75,98,122,173
Vie,Tijuana,2–0,Toluca,2,0,1,247,160,200,308,407,508,332,212,216,283,544,499
Dom,UNAM,0–2,Veracruz,0,2,0,294,206,204,301,500,505,109,69,138,191,178,329
Sáb,Monterrey,1–0,UANL,1,0,1,354,254,181,257,608,438,367,253,189,214,620,403
Sáb,Atlas,1–0,Pachuca,1,0,1,198,201,207,268,399,475,329,249,197,272,578,469
Sáb,León,1–0,Puebla,1,0,1,332,240,225,278,572,503,242,188,242,271,430,513
Sáb,Necaxa,2–1,Morelia,2,1,1,181,164,174,202,345,376,148,138,147,177,286,324
Dom,Santos,2–1,América,2,1,1,321,220,214,297,541,511,363,310,198,246,673,444
Sáb,Chiapas,2–2,Santos,2,2,-1,71,51,75,98,122,173,321,220,214,297,541,511
Vie,Veracruz,1–0,Monterrey,1,0,1,109,69,138,191,178,329,354,254,181,257,608,438
Dom,Toluca,1–2,Querétaro,1,2,0,332,212,216,283,544,499,215,184,206,294,399,500
Dom,Puebla,0–1,Necaxa,0,1,0,242,188,242,271,430,513,181,164,174,202,345,376
Sáb,Morelia,4–0,UNAM,4,0,1,148,138,147,177,286,324,294,206,204,301,500,505
Sáb,UANL,3–0,Tijuana,3,0,1,367,253,189,214,620,403,247,160,200,308,407,508
Sáb,Guadalajara,1–1,León,1,1,-1,233,212,204,222,445,426,332,240,225,278,572,503
Sáb,Pachuca,2–2,Cruz Azul,2,2,-1,329,249,197,272,578,469,264,211,193,227,475,420
Sáb,América,1–2,Atlas,1,2,0,363,310,198,246,673,444,198,201,207,268,399,475
Sáb,Querétaro,1–5,UANL,1,5,0,215,184,206,294,399,500,367,253,189,214,620,403
Dom,UNAM,0–1,Puebla,0,1,0,294,206,204,301,500,505,242,188,242,271,430,513
Dom,Santos,2–2,Toluca,2,2,-1,321,220,214,297,541,511,332,212,216,283,544,499
Sáb,Tijuana,1–0,Veracruz,1,0,1,247,160,200,308,407,508,109,69,138,191,178,329
Sáb,León,1–2,Cruz Azul,1,2,0,332,240,225,278,572,503,264,211,193,227,475,420
Sáb,Monterrey,1–2,Morelia,1,2,0,354,254,181,257,608,438,148,138,147,177,286,324
Sáb,Atlas,0–1,Chiapas,0,1,0,198,201,207,268,399,475,71,51,75,98,122,173
Sáb,Necaxa,0–0,Guadalajara,0,0,-1,181,164,174,202,345,376,233,212,204,222,445,426
Sáb,América,2–3,Pachuca,2,3,0,363,310,198,246,673,444,329,249,197,272,578,469
Mié,UANL,4–1,Monterrey,4,1,1,367,253,189,214,620,403,354,254,181,257,608,438
Mié,Santos,1–4,Toluca,1,4,0,321,220,214,297,541,511,332,212,216,283,544,499
Jue,Morelia,1–0,Tijuana,1,0,1,148,138,147,177,286,324,247,160,200,308,407,508
Jue,Atlas,1–0,Guadalajara,1,0,1,198,201,207,268,399,475,233,212,204,222,445,426
Dom,Guadalajara,1–0,Atlas,1,0,1,233,212,204,222,445,426,198,201,207,268,399,475
Sáb,Monterrey,0–2,UANL,0,2,0,354,254,181,257,608,438,367,253,189,214,620,403
Sáb,Toluca,1–3,Santos,1,3,0,332,212,216,283,544,499,321,220,214,297,541,511
Dom,Tijuana,2–0,Morelia,2,0,1,247,160,200,308,407,508,148,138,147,177,286,324
Jue,Toluca,1–1,Guadalajara,1,1,-1,332,212,216,283,544,499,233,212,204,222,445,426
Jue,UANL,2–0,Tijuana,2,0,1,367,253,189,214,620,403,247,160,200,308,407,508
Dom,Guadalajara,1–1,Toluca,1,1,-1,233,212,204,222,445,426,332,212,216,283,544,499
Dom,Tijuana,0–2,UANL,0,2,0,247,160,200,308,407,508,367,253,189,214,620,403
Jue,UANL,2–2,Guadalajara,2,2,-1,367,253,189,214,620,403,233,212,204,222,445,426
Dom,Guadalajara,2–1,UANL,2,1,1,233,212,204,222,445,426,367,253,189,214,620,403
Sáb,Cruz Azul,0–3,Morelia,0,3,0,264,211,193,227,475,420,148,138,147,177,286,324
Vie,Veracruz,2–0,Guadalajara,2,0,1,109,69,138,191,178,329,233,212,204,222,445,426
Dom,UNAM,3–0,Monterrey,3,0,1,294,206,204,301,500,505,354,254,181,257,608,438
Dom,Puebla,4–2,América,4,2,1,242,188,242,271,430,513,363,310,198,246,673,444
Sáb,UANL,0–1,Toluca,0,1,0,367,253,189,214,620,403,332,212,216,283,544,499
Sáb,Sinaloa,0–0,Chiapas,0,0,-1,18,13,20,41,31,61,71,51,75,98,122,173
Sáb,Pachuca,2–1,Tijuana,2,1,1,329,249,197,272,578,469,247,160,200,308,407,508
Sáb,Atlas,0–2,Querétaro,0,2,0,198,201,207,268,399,475,215,184,206,294,399,500
Sáb,Santos,1–3,León,1,3,0,321,220,214,297,541,511,332,240,225,278,572,503
Sáb,América,1–3,Atlas,1,3,0,363,310,198,246,673,444,198,201,207,268,399,475
Vie,Querétaro,1–2,Pachuca,1,2,0,215,184,206,294,399,500,329,249,197,272,578,469
Vie,Tijuana,1–2,Sinaloa,1,2,0,247,160,200,308,407,508,18,13,20,41,31,61
Dom,Toluca,2–1,UNAM,2,1,1,332,212,216,283,544,499,294,206,204,301,500,505
Dom,Guadalajara,0–1,Cruz Azul,0,1,0,233,212,204,222,445,426,264,211,193,227,475,420
Sáb,León,4–1,Veracruz,4,1,1,332,240,225,278,572,503,109,69,138,191,178,329
Sáb,Morelia,1–0,UANL,1,0,1,148,138,147,177,286,324,367,253,189,214,620,403
Sáb,Chiapas,2–1,Santos,2,1,1,71,51,75,98,122,173,321,220,214,297,541,511
Sáb,Cruz Azul,2–0,León,2,0,1,264,211,193,227,475,420,332,240,225,278,572,503
Vie,Veracruz,2–1,Chiapas,2,1,1,109,69,138,191,178,329,71,51,75,98,122,173
Vie,Santos,0–1,Tijuana,0,1,0,321,220,214,297,541,511,247,160,200,308,407,508
Dom,Toluca,0–1,Morelia,0,1,0,332,212,216,283,544,499,148,138,147,177,286,324
Dom,Puebla,3–2,UNAM,3,2,1,242,188,242,271,430,513,294,206,204,301,500,505
Sáb,Sinaloa,1–1,Querétaro,1,1,-1,18,13,20,41,31,61,215,184,206,294,399,500
Sáb,Pachuca,0–3,América,0,3,0,329,249,197,272,578,469,363,310,198,246,673,444
Sáb,Atlas,0–3,Monterrey,0,3,0,198,201,207,268,399,475,354,254,181,257,608,438
Dom,UANL,2–2,Guadalajara,2,2,-1,367,253,189,214,620,403,233,212,204,222,445,426
Mar,Tijuana,1–3,Veracruz,1,3,0,247,160,200,308,407,508,109,69,138,191,178,329
Mar,Querétaro,1–2,Santos,1,2,0,215,184,206,294,399,500,321,220,214,297,541,511
Mar,América,4–0,Sinaloa,4,0,1,363,310,198,246,673,444,18,13,20,41,31,61
Mar,Monterrey,4–3,Pachuca,4,3,1,354,254,181,257,608,438,329,249,197,272,578,469
Mié,Puebla,1–0,Toluca,1,0,1,242,188,242,271,430,513,332,212,216,283,544,499
Mié,León,2–1,UANL,2,1,1,332,240,225,278,572,503,367,253,189,214,620,403
Mié,Guadalajara,2–0,Morelia,2,0,1,233,212,204,222,445,426,148,138,147,177,286,324
Mié,UNAM,5–0,Atlas,5,0,1,294,206,204,301,500,505,198,201,207,268,399,475
Mié,Chiapas,2–1,Cruz Azul,2,1,1,71,51,75,98,122,173,264,211,193,227,475,420
Sáb,Cruz Azul,1–3,Tijuana,1,3,0,264,211,193,227,475,420,247,160,200,308,407,508
Sáb,Morelia,3–4,León,3,4,0,148,138,147,177,286,324,332,240,225,278,572,503
Vie,Veracruz,2–2,Querétaro,2,2,-1,109,69,138,191,178,329,215,184,206,294,399,500
Vie,Santos,0–2,América,0,2,0,321,220,214,297,541,511,363,310,198,246,673,444
Dom,Toluca,3–1,Guadalajara,3,1,1,332,212,216,283,544,499,233,212,204,222,445,426
Sáb,UANL,4–1,Chiapas,4,1,1,367,253,189,214,620,403,71,51,75,98,122,173
Sáb,Sinaloa,1–4,Monterrey,1,4,0,18,13,20,41,31,61,354,254,181,257,608,438
Sáb,Pachuca,1–2,UNAM,1,2,0,329,249,197,272,578,469,294,206,204,301,500,505
Sáb,Atlas,2–1,Puebla,2,1,1,198,201,207,268,399,475,242,188,242,271,430,513
Sáb,América,3–1,Veracruz,3,1,1,363,310,198,246,673,444,109,69,138,191,178,329
Vie,Tijuana,1–2,UANL,1,2,0,247,160,200,308,407,508,367,253,189,214,620,403
Vie,Querétaro,4–2,Cruz Azul,4,2,1,215,184,206,294,399,500,264,211,193,227,475,420
Dom,UNAM,2–0,Sinaloa,2,0,1,294,206,204,301,500,505,18,13,20,41,31,61
Dom,Puebla,3–2,Pachuca,3,2,1,242,188,242,271,430,513,329,249,197,272,578,469
Sáb,Monterrey,1–1,Santos,1,1,-1,354,254,181,257,608,438,321,220,214,297,541,511
Sáb,León,1–0,Guadalajara,1,0,1,332,240,225,278,572,503,233,212,204,222,445,426
Sáb,Atlas,1–2,Toluca,1,2,0,198,201,207,268,399,475,332,212,216,283,544,499
Sáb,Chiapas,3–1,Morelia,3,1,1,71,51,75,98,122,173,148,138,147,177,286,324
Sáb,Cruz Azul,0–2,América,0,2,0,264,211,193,227,475,420,363,310,198,246,673,444
Vie,Veracruz,2–1,Monterrey,2,1,1,109,69,138,191,178,329,354,254,181,257,608,438
Vie,Santos,3–4,UNAM,3,4,0,321,220,214,297,541,511,294,206,204,301,500,505
Dom,Toluca,1–3,León,1,3,0,332,212,216,283,544,499,332,240,225,278,572,503
Dom,Guadalajara,4–1,Chiapas,4,1,1,233,212,204,222,445,426,71,51,75,98,122,173
Sáb,UANL,5–1,Querétaro,5,1,1,367,253,189,214,620,403,215,184,206,294,399,500
Sáb,Sinaloa,1–0,Puebla,1,0,1,18,13,20,41,31,61,242,188,242,271,430,513
Sáb,Pachuca,1–1,Atlas,1,1,-1,329,249,197,272,578,469,198,201,207,268,399,475
Sáb,Morelia,1–2,Tijuana,1,2,0,148,138,147,177,286,324,247,160,200,308,407,508
Sáb,América,0–1,UANL,0,1,0,363,310,198,246,673,444,367,253,189,214,620,403
Vie,Tijuana,2–1,Guadalajara,2,1,1,247,160,200,308,407,508,233,212,204,222,445,426
Vie,Querétaro,0–1,Morelia,0,1,0,215,184,206,294,399,500,148,138,147,177,286,324
Dom,UNAM,3–0,Veracruz,3,0,1,294,206,204,301,500,505,109,69,138,191,178,329
Dom,Puebla,0–1,Santos,0,1,0,242,188,242,271,430,513,321,220,214,297,541,511
Sáb,Monterrey,1–1,Cruz Azul,1,1,-1,354,254,181,257,608,438,264,211,193,227,475,420
Sáb,Pachuca,3–4,Toluca,3,4,0,329,249,197,272,578,469,332,212,216,283,544,499
Sáb,Atlas,3–2,Sinaloa,3,2,1,198,201,207,268,399,475,18,13,20,41,31,61
Sáb,Chiapas,6–2,León,6,2,1,71,51,75,98,122,173,332,240,225,278,572,503
Sáb,Cruz Azul,2–1,UNAM,2,1,1,264,211,193,227,475,420,294,206,204,301,500,505
Vie,Veracruz,2–1,Puebla,2,1,1,109,69,138,191,178,329,242,188,242,271,430,513
Vie,Santos,0–2,Atlas,0,2,0,321,220,214,297,541,511,198,201,207,268,399,475
Dom,Toluca,1–1,Chiapas,1,1,-1,332,212,216,283,544,499,71,51,75,98,122,173
Dom,Guadalajara,2–1,Querétaro,2,1,1,233,212,204,222,445,426,215,184,206,294,399,500
Sáb,UANL,3–1,Monterrey,3,1,1,367,253,189,214,620,403,354,254,181,257,608,438
Sáb,Sinaloa,1–2,Pachuca,1,2,0,18,13,20,41,31,61,329,249,197,272,578,469
Sáb,León,2–1,Tijuana,2,1,1,332,240,225,278,572,503,247,160,200,308,407,508
Sáb,Morelia,0–3,América,0,3,0,148,138,147,177,286,324,363,310,198,246,673,444
Sáb,América,1–2,Guadalajara,1,2,0,363,310,198,246,673,444,233,212,204,222,445,426
Vie,Querétaro,3–0,León,3,0,1,215,184,206,294,399,500,332,240,225,278,572,503
Vie,Tijuana,1–1,Chiapas,1,1,-1,247,160,200,308,407,508,71,51,75,98,122,173
Dom,UNAM,1–0,UANL,1,0,1,294,206,204,301,500,505,367,253,189,214,620,403
Dom,Puebla,2–1,Cruz Azul,2,1,1,242,188,242,271,430,513,264,211,193,227,475,420
Sáb,Monterrey,2–2,Morelia,2,2,-1,354,254,181,257,608,438,148,138,147,177,286,324
Sáb,Sinaloa,1–2,Toluca,1,2,0,18,13,20,41,31,61,332,212,216,283,544,499
Sáb,Pachuca,0–0,Santos,0,0,-1,329,249,197,272,578,469,321,220,214,297,541,511
Sáb,Atlas,0–1,Veracruz,0,1,0,198,201,207,268,399,475,109,69,138,191,178,329
Mié,Morelia,2–2,UNAM,2,2,-1,148,138,147,177,286,324,294,206,204,301,500,505
Mar,Toluca,4–1,Tijuana,4,1,1,332,212,216,283,544,499,247,160,200,308,407,508
Mar,León,3–0,América,3,0,1,332,240,225,278,572,503,363,310,198,246,673,444
Mar,Guadalajara,2–1,Monterrey,2,1,1,233,212,204,222,445,426,354,254,181,257,608,438
Mar,Veracruz,0–1,Pachuca,0,1,0,109,69,138,191,178,329,329,249,197,272,578,469
Mar,Chiapas,0–0,Querétaro,0,0,-1,71,51,75,98,122,173,215,184,206,294,399,500
Mar,Santos,1–1,Sinaloa,1,1,-1,321,220,214,297,541,511,18,13,20,41,31,61
Mié,Cruz Azul,1–1,Atlas,1,1,-1,264,211,193,227,475,420,198,201,207,268,399,475
Mié,UANL,0–1,Puebla,0,1,0,367,253,189,214,620,403,242,188,242,271,430,513
Sáb,América,2–1,Chiapas,2,1,1,363,310,198,246,673,444,71,51,75,98,122,173
Vie,Querétaro,2–1,Tijuana,2,1,1,215,184,206,294,399,500,247,160,200,308,407,508
Dom,UNAM,1–0,Guadalajara,1,0,1,294,206,204,301,500,505,233,212,204,222,445,426
Dom,Puebla,1–3,Morelia,1,3,0,242,188,242,271,430,513,148,138,147,177,286,324
Sáb,Monterrey,4–0,León,4,0,1,354,254,181,257,608,438,332,240,225,278,572,503
Sáb,Santos,0–0,Toluca,0,0,-1,321,220,214,297,541,511,332,212,216,283,544,499
Sáb,Atlas,0–1,UANL,0,1,0,198,201,207,268,399,475,367,253,189,214,620,403
Vie,Monterrey,1–1,Puebla,1,1,-1,354,254,181,257,608,438,242,188,242,271,430,513
Sáb,Cruz Azul,1–1,Sinaloa,1,1,-1,264,211,193,227,475,420,18,13,20,41,31,61
Vie,Tijuana,0–2,América,0,2,0,247,160,200,308,407,508,363,310,198,246,673,444
Vie,Veracruz,0–3,Santos,0,3,0,109,69,138,191,178,329,321,220,214,297,541,511
Dom,Toluca,4–2,Querétaro,4,2,1,332,212,216,283,544,499,215,184,206,294,399,500
Dom,Guadalajara,1–1,Puebla,1,1,-1,233,212,204,222,445,426,242,188,242,271,430,513
Sáb,UANL,2–1,Pachuca,2,1,1,367,253,189,214,620,403,329,249,197,272,578,469
Sáb,León,1–3,UNAM,1,3,0,332,240,225,278,572,503,294,206,204,301,500,505
Sáb,Morelia,0–1,Atlas,0,1,0,148,138,147,177,286,324,198,201,207,268,399,475
Sáb,Chiapas,2–2,Monterrey,2,2,-1,71,51,75,98,122,173,354,254,181,257,608,438
Sáb,América,0–1,Querétaro,0,1,0,363,310,198,246,673,444,215,184,206,294,399,500
Vie,Veracruz,3–2,Toluca,3,2,1,109,69,138,191,178,329,332,212,216,283,544,499
Vie,Santos,1–2,Cruz Azul,1,2,0,321,220,214,297,541,511,264,211,193,227,475,420
Dom,UNAM,2–3,Chiapas,2,3,0,294,206,204,301,500,505,71,51,75,98,122,173
Dom,Puebla,1–0,León,1,0,1,242,188,242,271,430,513,332,240,225,278,572,503
Sáb,Sinaloa,0–0,UANL,0,0,-1,18,13,20,41,31,61,367,253,189,214,620,403
Sáb,Monterrey,3–1,Tijuana,3,1,1,354,254,181,257,608,438,247,160,200,308,407,508
Sáb,Pachuca,2–0,Morelia,2,0,1,329,249,197,272,578,469,148,138,147,177,286,324
Sáb,Cruz Azul,1–1,Veracruz,1,1,-1,264,211,193,227,475,420,109,69,138,191,178,329
Vie,Querétaro,3–1,Monterrey,3,1,1,215,184,206,294,399,500,354,254,181,257,608,438
Vie,Tijuana,1–2,UNAM,1,2,0,247,160,200,308,407,508,294,206,204,301,500,505
Dom,Toluca,2–3,América,2,3,0,332,212,216,283,544,499,363,310,198,246,673,444
Dom,Guadalajara,4–4,Pachuca,4,4,-1,233,212,204,222,445,426,329,249,197,272,578,469
Sáb,UANL,2–2,Santos,2,2,-1,367,253,189,214,620,403,321,220,214,297,541,511
Sáb,León,2–1,Atlas,2,1,1,332,240,225,278,572,503,198,201,207,268,399,475
Sáb,Morelia,4–0,Sinaloa,4,0,1,148,138,147,177,286,324,18,13,20,41,31,61
Sáb,Chiapas,1–0,Puebla,1,0,1,71,51,75,98,122,173,242,188,242,271,430,513
Sáb,Cruz Azul,1–2,Toluca,1,2,0,264,211,193,227,475,420,332,212,216,283,544,499
Vie,Veracruz,1–3,UANL,1,3,0,109,69,138,191,178,329,367,253,189,214,620,403
Vie,Santos,2–3,Morelia,2,3,0,321,220,214,297,541,511,148,138,147,177,286,324
Dom,UNAM,2–1,Querétaro,2,1,1,294,206,204,301,500,505,215,184,206,294,399,500
Dom,Puebla,2–1,Tijuana,2,1,1,242,188,242,271,430,513,247,160,200,308,407,508
Sáb,Monterrey,2–1,América,2,1,1,354,254,181,257,608,438,363,310,198,246,673,444
Sáb,Sinaloa,2–1,Guadalajara,2,1,1,18,13,20,41,31,61,233,212,204,222,445,426
Sáb,Pachuca,3–2,León,3,2,1,329,249,197,272,578,469,332,240,225,278,572,503
Sáb,Atlas,2–3,Chiapas,2,3,0,198,201,207,268,399,475,71,51,75,98,122,173
Mar,Sinaloa,0–0,Veracruz,0,0,-1,18,13,20,41,31,61,109,69,138,191,178,329
Mié,Atlas,0–1,Guadalajara,0,1,0,198,201,207,268,399,475,233,212,204,222,445,426
Sáb,Pachuca,1–2,Cruz Azul,1,2,0,329,249,197,272,578,469,264,211,193,227,475,420
Sáb,América,1–1,UNAM,1,1,-1,363,310,198,246,673,444,294,206,204,301,500,505
Vie,Querétaro,0–0,Puebla,0,0,-1,215,184,206,294,399,500,242,188,242,271,430,513
Vie,Tijuana,2–0,Atlas,2,0,1,247,160,200,308,407,508,198,201,207,268,399,475
Dom,Toluca,3–1,Monterrey,3,1,1,332,212,216,283,544,499,354,254,181,257,608,438
Dom,Guadalajara,0–3,Santos,0,3,0,233,212,204,222,445,426,321,220,214,297,541,511
Sáb,UANL,0–0,Cruz Azul,0,0,-1,367,253,189,214,620,403,264,211,193,227,475,420
Sáb,León,3–0,Sinaloa,3,0,1,332,240,225,278,572,503,18,13,20,41,31,61
Sáb,Morelia,1–2,Veracruz,1,2,0,148,138,147,177,286,324,109,69,138,191,178,329
Sáb,Chiapas,3–2,Pachuca,3,2,1,71,51,75,98,122,173,329,249,197,272,578,469
Mié,América,4–1,León,4,1,1,363,310,198,246,673,444,332,240,225,278,572,503
Mié,UANL,2–1,Chiapas,2,1,1,367,253,189,214,620,403,71,51,75,98,122,173
Jue,Veracruz,1–0,UNAM,1,0,1,109,69,138,191,178,329,294,206,204,301,500,505
Jue,Puebla,2–2,Toluca,2,2,-1,242,188,242,271,430,513,332,212,216,283,544,499
Dom,UNAM,1–0,Veracruz,1,0,1,294,206,204,301,500,505,109,69,138,191,178,329
Dom,Toluca,1–0,Puebla,1,0,1,332,212,216,283,544,499,242,188,242,271,430,513
Sáb,Chiapas,0–1,UANL,0,1,0,71,51,75,98,122,173,367,253,189,214,620,403
Sáb,León,2–1,América,2,1,1,332,240,225,278,572,503,363,310,198,246,673,444
Jue,América,0–3,UNAM,0,3,0,363,310,198,246,673,444,294,206,204,301,500,505
Jue,UANL,0–0,Toluca,0,0,-1,367,253,189,214,620,403,332,212,216,283,544,499
Dom,UNAM,1–3,América,1,3,0,294,206,204,301,500,505,363,310,198,246,673,444
Dom,Toluca,0–2,UANL,0,2,0,332,212,216,283,544,499,367,253,189,214,620,403
Jue,UANL,3–0,UNAM,3,0,1,367,253,189,214,620,403,294,206,204,301,500,505
Dom,UNAM,4–1,UANL,4,1,1,294,206,204,301,500,505,367,253,189,214,620,403
Sáb,América,0–0,Puebla,0,0,-1,363,310,198,246,673,444,242,188,242,271,430,513
Vie,Querétaro,1–3,Atlas,1,3,0,215,184,206,294,399,500,198,201,207,268,399,475
Vie,Tijuana,1–1,Pachuca,1,1,-1,247,160,200,308,407,508,329,249,197,272,578,469
Dom,Toluca,1–0,UANL,1,0,1,332,212,216,283,544,499,367,253,189,214,620,403
Dom,Guadalajara,2–2,Veracruz,2,2,-1,233,212,204,222,445,426,109,69,138,191,178,329
Sáb,Monterrey,1–0,UNAM,1,0,1,354,254,181,257,608,438,294,206,204,301,500,505
Sáb,León,2–0,Santos,2,0,1,332,240,225,278,572,503,321,220,214,297,541,511
Sáb,Morelia,2–2,Cruz Azul,2,2,-1,148,138,147,177,286,324,264,211,193,227,475,420
Sáb,Chiapas,1–0,Sinaloa,1,0,1,71,51,75,98,122,173,18,13,20,41,31,61
Sáb,Cruz Azul,1–1,Guadalajara,1,1,-1,264,211,193,227,475,420,233,212,204,222,445,426
Vie,Veracruz,1–3,León,1,3,0,109,69,138,191,178,329,332,240,225,278,572,503
Vie,Santos,1–0,Chiapas,1,0,1,321,220,214,297,541,511,71,51,75,98,122,173
Dom,UNAM,3–2,Toluca,3,2,1,294,206,204,301,500,505,332,212,216,283,544,499
Dom,Puebla,1–3,Monterrey,1,3,0,242,188,242,271,430,513,354,254,181,257,608,438
Sáb,UANL,2–0,Morelia,2,0,1,367,253,189,214,620,403,148,138,147,177,286,324
Sáb,Sinaloa,0–1,Tijuana,0,1,0,18,13,20,41,31,61,247,160,200,308,407,508
Sáb,Pachuca,1–0,Querétaro,1,0,1,329,249,197,272,578,469,215,184,206,294,399,500
Sáb,Atlas,0–3,América,0,3,0,198,201,207,268,399,475,363,310,198,246,673,444
Sáb,América,1–4,Pachuca,1,4,0,363,310,198,246,673,444,329,249,197,272,578,469
Vie,Tijuana,1–3,Santos,1,3,0,247,160,200,308,407,508,321,220,214,297,541,511
Vie,Querétaro,3–0,Sinaloa,3,0,1,215,184,206,294,399,500,18,13,20,41,31,61
Dom,UNAM,0–1,Puebla,0,1,0,294,206,204,301,500,505,242,188,242,271,430,513
Dom,Guadalajara,2–2,UANL,2,2,-1,233,212,204,222,445,426,367,253,189,214,620,403
Sáb,Monterrey,1–0,Atlas,1,0,1,354,254,181,257,608,438,198,201,207,268,399,475
Sáb,León,3–2,Cruz Azul,3,2,1,332,240,225,278,572,503,264,211,193,227,475,420
Sáb,Morelia,1–1,Toluca,1,1,-1,148,138,147,177,286,324,332,212,216,283,544,499
Sáb,Chiapas,1–1,Veracruz,1,1,-1,71,51,75,98,122,173,109,69,138,191,178,329
Sáb,Cruz Azul,2–1,Chiapas,2,1,1,264,211,193,227,475,420,71,51,75,98,122,173
Vie,Santos,2–0,Querétaro,2,0,1,321,220,214,297,541,511,215,184,206,294,399,500
Vie,Veracruz,2–2,Tijuana,2,2,-1,109,69,138,191,178,329,247,160,200,308,407,508
Dom,Toluca,1–1,Puebla,1,1,-1,332,212,216,283,544,499,242,188,242,271,430,513
Sáb,Morelia,2–0,Guadalajara,2,0,1,148,138,147,177,286,324,233,212,204,222,445,426
Sáb,UANL,3–1,León,3,1,1,367,253,189,214,620,403,332,240,225,278,572,503
Sáb,Sinaloa,0–3,América,0,3,0,18,13,20,41,31,61,363,310,198,246,673,444
Sáb,Pachuca,3–1,Monterrey,3,1,1,329,249,197,272,578,469,354,254,181,257,608,438
Sáb,Atlas,1–1,UNAM,1,1,-1,198,201,207,268,399,475,294,206,204,301,500,505
Sáb,América,2–0,Santos,2,0,1,363,310,198,246,673,444,321,220,214,297,541,511
Vie,Querétaro,2–1,Veracruz,2,1,1,215,184,206,294,399,500,109,69,138,191,178,329
Vie,Tijuana,1–1,Cruz Azul,1,1,-1,247,160,200,308,407,508,264,211,193,227,475,420
Vie,Chiapas,1–3,UANL,1,3,0,71,51,75,98,122,173,367,253,189,214,620,403
Dom,UNAM,1–1,Pachuca,1,1,-1,294,206,204,301,500,505,329,249,197,272,578,469
Sáb,Puebla,4–1,Atlas,4,1,1,242,188,242,271,430,513,198,201,207,268,399,475
Sáb,Monterrey,3–0,Sinaloa,3,0,1,354,254,181,257,608,438,18,13,20,41,31,61
Sáb,León,1–2,Morelia,1,2,0,332,240,225,278,572,503,148,138,147,177,286,324
Sáb,Guadalajara,1–1,Toluca,1,1,-1,233,212,204,222,445,426,332,212,216,283,544,499
Sáb,Cruz Azul,2–1,Querétaro,2,1,1,264,211,193,227,475,420,215,184,206,294,399,500
Vie,Veracruz,1–1,América,1,1,-1,109,69,138,191,178,329,363,310,198,246,673,444
Vie,Toluca,1–1,Atlas,1,1,-1,332,212,216,283,544,499,198,201,207,268,399,475
Vie,Santos,1–2,Monterrey,1,2,0,321,220,214,297,541,511,354,254,181,257,608,438
Dom,Guadalajara,0–1,León,0,1,0,233,212,204,222,445,426,332,240,225,278,572,503
Sáb,UANL,1–2,Tijuana,1,2,0,367,253,189,214,620,403,247,160,200,308,407,508
Sáb,Sinaloa,2–3,UNAM,2,3,0,18,13,20,41,31,61,294,206,204,301,500,505
Dom,Pachuca,5–2,Puebla,5,2,1,329,249,197,272,578,469,242,188,242,271,430,513
Sáb,América,3–3,Cruz Azul,3,3,-1,363,310,198,246,673,444,264,211,193,227,475,420
Vie,Querétaro,2–2,UANL,2,2,-1,215,184,206,294,399,500,367,253,189,214,620,403
Vie,Tijuana,1–1,Morelia,1,1,-1,247,160,200,308,407,508,148,138,147,177,286,324
Dom,UNAM,1–1,Santos,1,1,-1,294,206,204,301,500,505,321,220,214,297,541,511
Dom,Puebla,3–2,Sinaloa,3,2,1,242,188,242,271,430,513,18,13,20,41,31,61
Sáb,Monterrey,5–1,Veracruz,5,1,1,354,254,181,257,608,438,109,69,138,191,178,329
Sáb,León,5–1,Toluca,5,1,1,332,240,225,278,572,503,332,212,216,283,544,499
Sáb,Atlas,1–0,Pachuca,1,0,1,198,201,207,268,399,475,329,249,197,272,578,469
Sáb,Chiapas,1–1,Guadalajara,1,1,-1,71,51,75,98,122,173,233,212,204,222,445,426
Sáb,Cruz Azul,4–0,Monterrey,4,0,1,264,211,193,227,475,420,354,254,181,257,608,438
Vie,Veracruz,0–0,UNAM,0,0,-1,109,69,138,191,178,329,294,206,204,301,500,505
Dom,Guadalajara,1–1,Tijuana,1,1,-1,233,212,204,222,445,426,247,160,200,308,407,508
Sáb,Santos,1–1,Puebla,1,1,-1,321,220,214,297,541,511,242,188,242,271,430,513
Sáb,UANL,4–1,América,4,1,1,367,253,189,214,620,403,363,310,198,246,673,444
Sáb,Sinaloa,2–1,Atlas,2,1,1,18,13,20,41,31,61,198,201,207,268,399,475
Sáb,León,1–3,Chiapas,1,3,0,332,240,225,278,572,503,71,51,75,98,122,173
Sáb,Morelia,1–1,Querétaro,1,1,-1,148,138,147,177,286,324,215,184,206,294,399,500
Sáb,Toluca,0–1,Pachuca,0,1,0,332,212,216,283,544,499,329,249,197,272,578,469
Sáb,América,4–1,Morelia,4,1,1,363,310,198,246,673,444,148,138,147,177,286,324
Vie,Tijuana,0–0,León,0,0,-1,247,160,200,308,407,508,332,240,225,278,572,503
Dom,UNAM,2–2,Cruz Azul,2,2,-1,294,206,204,301,500,505,264,211,193,227,475,420
Dom,Puebla,1–1,Veracruz,1,1,-1,242,188,242,271,430,513,109,69,138,191,178,329
Sáb,Querétaro,0–2,Guadalajara,0,2,0,215,184,206,294,399,500,233,212,204,222,445,426
Sáb,Monterrey,1–0,UANL,1,0,1,354,254,181,257,608,438,367,253,189,214,620,403
Sáb,Pachuca,2–2,Sinaloa,2,2,-1,329,249,197,272,578,469,18,13,20,41,31,61
Sáb,Atlas,1–2,Santos,1,2,0,198,201,207,268,399,475,321,220,214,297,541,511
Sáb,Chiapas,3–2,Toluca,3,2,1,71,51,75,98,122,173,332,212,216,283,544,499
Sáb,Cruz Azul,1–1,Puebla,1,1,-1,264,211,193,227,475,420,242,188,242,271,430,513
Vie,Veracruz,3–2,Atlas,3,2,1,109,69,138,191,178,329,198,201,207,268,399,475
Vie,Santos,3–2,Pachuca,3,2,1,321,220,214,297,541,511,329,249,197,272,578,469
Dom,Toluca,3–0,Sinaloa,3,0,1,332,212,216,283,544,499,18,13,20,41,31,61
Sáb,UANL,0–0,UNAM,0,0,-1,367,253,189,214,620,403,294,206,204,301,500,505
Sáb,León,2–0,Querétaro,2,0,1,332,240,225,278,572,503,215,184,206,294,399,500
Sáb,Morelia,1–3,Monterrey,1,3,0,148,138,147,177,286,324,354,254,181,257,608,438
Sáb,Chiapas,1–2,Tijuana,1,2,0,71,51,75,98,122,173,247,160,200,308,407,508
Dom,Guadalajara,1–2,América,1,2,0,233,212,204,222,445,426,363,310,198,246,673,444
Sáb,América,2–1,León,2,1,1,363,310,198,246,673,444,332,240,225,278,572,503
Vie,Querétaro,1–1,Chiapas,1,1,-1,215,184,206,294,399,500,71,51,75,98,122,173
Vie,Tijuana,0–0,Toluca,0,0,-1,247,160,200,308,407,508,332,212,216,283,544,499
Dom,Puebla,0–0,UANL,0,0,-1,242,188,242,271,430,513,367,253,189,214,620,403
Sáb,Monterrey,1–3,Guadalajara,1,3,0,354,254,181,257,608,438,233,212,204,222,445,426
Sáb,Sinaloa,3–1,Santos,3,1,1,18,13,20,41,31,61,321,220,214,297,541,511
Sáb,Pachuca,6–0,Veracruz,6,0,1,329,249,197,272,578,469,109,69,138,191,178,329
Sáb,Atlas,0–2,Cruz Azul,0,2,0,198,201,207,268,399,475,264,211,193,227,475,420
Dom,UNAM,4–2,Morelia,4,2,1,294,206,204,301,500,505,148,138,147,177,286,324
Sáb,Morelia,2–0,Chiapas,2,0,1,148,138,147,177,286,324,71,51,75,98,122,173
Sáb,Cruz Azul,0–0,Pachuca,0,0,-1,264,211,193,227,475,420,329,249,197,272,578,469
Vie,Tijuana,2–4,Querétaro,2,4,0,247,160,200,308,407,508,215,184,206,294,399,500
Vie,Toluca,0–0,Santos,0,0,-1,332,212,216,283,544,499,321,220,214,297,541,511
Vie,Veracruz,0–0,Sinaloa,0,0,-1,109,69,138,191,178,329,18,13,20,41,31,61
Sáb,UANL,2–2,Atlas,2,2,-1,367,253,189,214,620,403,198,201,207,268,399,475
Sáb,León,1–2,Monterrey,1,2,0,332,240,225,278,572,503,354,254,181,257,608,438
Sáb,Morelia,2–0,Puebla,2,0,1,148,138,147,177,286,324,242,188,242,271,430,513
Sáb,Chiapas,0–2,América,0,2,0,71,51,75,98,122,173,363,310,198,246,673,444
Dom,Guadalajara,4–0,UNAM,4,0,1,233,212,204,222,445,426,294,206,204,301,500,505
Sáb,América,6–1,Tijuana,6,1,1,363,310,198,246,673,444,247,160,200,308,407,508
Vie,Querétaro,0–0,Toluca,0,0,-1,215,184,206,294,399,500,332,212,216,283,544,499
Vie,Santos,2–0,Veracruz,2,0,1,321,220,214,297,541,511,109,69,138,191,178,329
Dom,Puebla,0–3,Guadalajara,0,3,0,242,188,242,271,430,513,233,212,204,222,445,426
Dom,UNAM,1–2,León,1,2,0,294,206,204,301,500,505,332,240,225,278,572,503
Sáb,Monterrey,6–0,Chiapas,6,0,1,354,254,181,257,608,438,71,51,75,98,122,173
Sáb,Sinaloa,3–0,Cruz Azul,3,0,1,18,13,20,41,31,61,264,211,193,227,475,420
Sáb,Pachuca,2–1,UANL,2,1,1,329,249,197,272,578,469,367,253,189,214,620,403
Sáb,Atlas,1–2,Morelia,1,2,0,198,201,207,268,399,475,148,138,147,177,286,324
Sáb,Toluca,4–2,Veracruz,4,2,1,332,212,216,283,544,499,109,69,138,191,178,329
Sáb,Cruz Azul,0–1,Santos,0,1,0,264,211,193,227,475,420,321,220,214,297,541,511
Vie,Tijuana,1–2,Monterrey,1,2,0,247,160,200,308,407,508,354,254,181,257,608,438
Vie,Querétaro,1–0,América,1,0,1,215,184,206,294,399,500,363,310,198,246,673,444
Dom,Guadalajara,1–0,Atlas,1,0,1,233,212,204,222,445,426,198,201,207,268,399,475
Sáb,UANL,5–2,Sinaloa,5,2,1,367,253,189,214,620,403,18,13,20,41,31,61
Sáb,León,4–1,Puebla,4,1,1,332,240,225,278,572,503,242,188,242,271,430,513
Sáb,Morelia,1–0,Pachuca,1,0,1,148,138,147,177,286,324,329,249,197,272,578,469
Sáb,Chiapas,1–2,UNAM,1,2,0,71,51,75,98,122,173,294,206,204,301,500,505
Sáb,América,0–1,Toluca,0,1,0,363,310,198,246,673,444,332,212,216,283,544,499
Vie,UNAM,3–1,Tijuana,3,1,1,294,206,204,301,500,505,247,160,200,308,407,508
Vie,Veracruz,2–1,Cruz Azul,2,1,1,109,69,138,191,178,329,264,211,193,227,475,420
Dom,Puebla,2–1,Chiapas,2,1,1,242,188,242,271,430,513,71,51,75,98,122,173
Sáb,Monterrey,3–2,Querétaro,3,2,1,354,254,181,257,608,438,215,184,206,294,399,500
Sáb,Santos,2–1,UANL,2,1,1,321,220,214,297,541,511,367,253,189,214,620,403
Sáb,Sinaloa,1–0,Morelia,1,0,1,18,13,20,41,31,61,148,138,147,177,286,324
Sáb,Pachuca,1–1,Guadalajara,1,1,-1,329,249,197,272,578,469,233,212,204,222,445,426
Sáb,Atlas,1–1,León,1,1,-1,198,201,207,268,399,475,332,240,225,278,572,503
Sáb,América,3–3,Monterrey,3,3,-1,363,310,198,246,673,444,354,254,181,257,608,438
Vie,Querétaro,2–1,UNAM,2,1,1,215,184,206,294,399,500,294,206,204,301,500,505
Vie,Tijuana,0–0,Puebla,0,0,-1,247,160,200,308,407,508,242,188,242,271,430,513
Dom,Toluca,0–2,Cruz Azul,0,2,0,332,212,216,283,544,499,264,211,193,227,475,420
Dom,Guadalajara,2–1,Sinaloa,2,1,1,233,212,204,222,445,426,18,13,20,41,31,61
Sáb,UANL,0–0,Veracruz,0,0,-1,367,253,189,214,620,403,109,69,138,191,178,329
Sáb,León,0–0,Pachuca,0,0,-1,332,240,225,278,572,503,329,249,197,272,578,469
Sáb,Morelia,3–2,Santos,3,2,1,148,138,147,177,286,324,321,220,214,297,541,511
Sáb,Chiapas,0–3,Atlas,0,3,0,71,51,75,98,122,173,198,201,207,268,399,475
Sáb,Cruz Azul,0–3,UANL,0,3,0,264,211,193,227,475,420,367,253,189,214,620,403
Vie,Veracruz,1–2,Morelia,1,2,0,109,69,138,191,178,329,148,138,147,177,286,324
Vie,Santos,0–1,Guadalajara,0,1,0,321,220,214,297,541,511,233,212,204,222,445,426
Dom,UNAM,1–1,América,1,1,-1,294,206,204,301,500,505,363,310,198,246,673,444
Dom,Puebla,3–1,Querétaro,3,1,1,242,188,242,271,430,513,215,184,206,294,399,500
Sáb,Monterrey,1–2,Toluca,1,2,0,354,254,181,257,608,438,332,212,216,283,544,499
Sáb,Sinaloa,0–1,León,0,1,0,18,13,20,41,31,61,332,240,225,278,572,503
Sáb,Pachuca,2–1,Chiapas,2,1,1,329,249,197,272,578,469,71,51,75,98,122,173
Sáb,Atlas,0–0,Tijuana,0,0,-1,198,201,207,268,399,475,247,160,200,308,407,508
Mié,UANL,1–3,Monterrey,1,3,0,367,253,189,214,620,403,354,254,181,257,608,438
Mié,Morelia,1–1,León,1,1,-1,148,138,147,177,286,324,332,240,225,278,572,503
Jue,Santos,1–1,Pachuca,1,1,-1,321,220,214,297,541,511,329,249,197,272,578,469
Jue,Guadalajara,0–0,América,0,0,-1,233,212,204,222,445,426,363,310,198,246,673,444
Dom,América,2–1,Guadalajara,2,1,1,363,310,198,246,673,444,233,212,204,222,445,426
Sáb,Monterrey,1–2,UANL,1,2,0,354,254,181,257,608,438,367,253,189,214,620,403
Sáb,León,4–1,Morelia,4,1,1,332,240,225,278,572,503,148,138,147,177,286,324
Dom,Pachuca,3–2,Santos,3,2,1,329,249,197,272,578,469,321,220,214,297,541,511
Mié,América,1–0,Monterrey,1,0,1,363,310,198,246,673,444,354,254,181,257,608,438
Jue,León,1–1,Pachuca,1,1,-1,332,240,225,278,572,503,329,249,197,272,578,469
Sáb,Monterrey,4–2,América,4,2,1,354,254,181,257,608,438,363,310,198,246,673,444
Dom,Pachuca,2–1,León,2,1,1,329,249,197,272,578,469,332,240,225,278,572,503
Jue,Pachuca,1–0,Monterrey,1,0,1,329,249,197,272,578,469,354,254,181,257,608,438
Dom,Monterrey,1–1,Pachuca,1,1,-1,354,254,181,257,608,438,329,249,197,272,578,469
Sáb,Cruz Azul,0–1,Pachuca,0,1,0,264,211,193,227,475,420,329,249,197,272,578,469
Sáb,Veracruz,0–1,Santos,0,1,0,109,69,138,191,178,329,321,220,214,297,541,511
Vie,Querétaro,1–3,UNAM,1,3,0,215,184,206,294,399,500,294,206,204,301,500,505
Vie,Tijuana,0–1,Puebla,0,1,0,247,160,200,308,407,508,242,188,242,271,430,513
Dom,Toluca,0–0,Morelia,0,0,-1,332,212,216,283,544,499,148,138,147,177,286,324
Dom,Guadalajara,1–1,Chiapas,1,1,-1,233,212,204,222,445,426,71,51,75,98,122,173
Sáb,Monterrey,3–1,UdeG,3,1,1,354,254,181,257,608,438,12,11,15,20,23,35
Sáb,León,1–2,América,1,2,0,332,240,225,278,572,503,363,310,198,246,673,444
Sáb,Atlas,0–0,UANL,0,0,-1,198,201,207,268,399,475,367,253,189,214,620,403
Sáb,Puebla,0–0,Veracruz,0,0,-1,242,188,242,271,430,513,109,69,138,191,178,329
Sáb,América,2–1,Tijuana,2,1,1,363,310,198,246,673,444,247,160,200,308,407,508
Vie,Morelia,0–2,Atlas,0,2,0,148,138,147,177,286,324,198,201,207,268,399,475
Vie,Santos,1–1,Cruz Azul,1,1,-1,321,220,214,297,541,511,264,211,193,227,475,420
Dom,UNAM,0–1,Guadalajara,0,1,0,294,206,204,301,500,505,233,212,204,222,445,426
Dom,UdeG,0–1,Querétaro,0,1,0,12,11,15,20,23,35,215,184,206,294,399,500
Sáb,UANL,4–2,León,4,2,1,367,253,189,214,620,403,332,240,225,278,572,503
Sáb,Pachuca,0–1,Monterrey,0,1,0,329,249,197,272,578,469,354,254,181,257,608,438
Sáb,Chiapas,2–1,Toluca,2,1,1,71,51,75,98,122,173,332,212,216,283,544,499
Sáb,Cruz Azul,0–0,Veracruz,0,0,-1,264,211,193,227,475,420,109,69,138,191,178,329
Sáb,Puebla,0–4,América,0,4,0,242,188,242,271,430,513,363,310,198,246,673,444
Vie,Tijuana,1–1,UANL,1,1,-1,247,160,200,308,407,508,367,253,189,214,620,403
Vie,Querétaro,2–0,Pachuca,2,0,1,215,184,206,294,399,500,329,249,197,272,578,469
Dom,Toluca,2–1,UNAM,2,1,1,332,212,216,283,544,499,294,206,204,301,500,505
Sáb,Monterrey,0–0,Santos,0,0,-1,354,254,181,257,608,438,321,220,214,297,541,511
Sáb,León,4–0,Morelia,4,0,1,332,240,225,278,572,503,148,138,147,177,286,324
Sáb,Atlas,4–2,Chiapas,4,2,1,198,201,207,268,399,475,71,51,75,98,122,173
Sáb,Cruz Azul,1–0,Puebla,1,0,1,264,211,193,227,475,420,242,188,242,271,430,513
Vie,Morelia,0–0,Tijuana,0,0,-1,148,138,147,177,286,324,247,160,200,308,407,508
Vie,Veracruz,2–1,Monterrey,2,1,1,109,69,138,191,178,329,354,254,181,257,608,438
Dom,UNAM,0–1,Atlas,0,1,0,294,206,204,301,500,505,198,201,207,268,399,475
Dom,UdeG,0–0,Toluca,0,0,-1,12,11,15,20,23,35,332,212,216,283,544,499
Sáb,UANL,0–2,América,0,2,0,367,253,189,214,620,403,363,310,198,246,673,444
Sáb,Santos,2–3,Querétaro,2,3,0,321,220,214,297,541,511,215,184,206,294,399,500
Sáb,Pachuca,3–0,Guadalajara,3,0,1,329,249,197,272,578,469,233,212,204,222,445,426
Sáb,Chiapas,3–2,León,3,2,1,71,51,75,98,122,173,332,240,225,278,572,503
Jue,León,2–1,UNAM,2,1,1,332,240,225,278,572,503,294,206,204,301,500,505
Sáb,América,3–2,Morelia,3,2,1,363,310,198,246,673,444,148,138,147,177,286,324
Sáb,Puebla,1–1,UANL,1,1,-1,242,188,242,271,430,513,367,253,189,214,620,403
Vie,Querétaro,0–0,Veracruz,0,0,-1,215,184,206,294,399,500,109,69,138,191,178,329
Vie,Tijuana,2–1,Chiapas,2,1,1,247,160,200,308,407,508,71,51,75,98,122,173
Dom,Toluca,3–0,Pachuca,3,0,1,332,212,216,283,544,499,329,249,197,272,578,469
Dom,Guadalajara,0–1,Santos,0,1,0,233,212,204,222,445,426,321,220,214,297,541,511
Sáb,Monterrey,3–1,Cruz Azul,3,1,1,354,254,181,257,608,438,264,211,193,227,475,420
Sáb,Atlas,1–0,UdeG,1,0,1,198,201,207,268,399,475,12,11,15,20,23,35
Sáb,Veracruz,0–0,Guadalajara,0,0,-1,109,69,138,191,178,329,233,212,204,222,445,426
Sáb,Cruz Azul,2–1,Querétaro,2,1,1,264,211,193,227,475,420,215,184,206,294,399,500
Vie,Morelia,1–5,UANL,1,5,0,148,138,147,177,286,324,367,253,189,214,620,403
Vie,Santos,3–0,Toluca,3,0,1,321,220,214,297,541,511,332,212,216,283,544,499
Dom,UNAM,1–1,Tijuana,1,1,-1,294,206,204,301,500,505,247,160,200,308,407,508
Dom,UdeG,1–0,León,1,0,1,12,11,15,20,23,35,332,240,225,278,572,503
Sáb,Monterrey,1–0,Puebla,1,0,1,354,254,181,257,608,438,242,188,242,271,430,513
Sáb,Pachuca,3–1,Atlas,3,1,1,329,249,197,272,578,469,198,201,207,268,399,475
Sáb,Chiapas,0–0,América,0,0,-1,71,51,75,98,122,173,363,310,198,246,673,444
Sáb,Puebla,3–2,Morelia,3,2,1,242,188,242,271,430,513,148,138,147,177,286,324
Sáb,América,0–1,UNAM,0,1,0,363,310,198,246,673,444,294,206,204,301,500,505
Vie,Tijuana,1–1,UdeG,1,1,-1,247,160,200,308,407,508,12,11,15,20,23,35
Vie,Querétaro,0–1,Monterrey,0,1,0,215,184,206,294,399,500,354,254,181,257,608,438
Dom,Toluca,2–1,Veracruz,2,1,1,332,212,216,283,544,499,109,69,138,191,178,329
Dom,Guadalajara,0–0,Cruz Azul,0,0,-1,233,212,204,222,445,426,264,211,193,227,475,420
Sáb,UANL,0–2,Chiapas,0,2,0,367,253,189,214,620,403,71,51,75,98,122,173
Sáb,León,1–2,Pachuca,1,2,0,332,240,225,278,572,503,329,249,197,272,578,469
Sáb,Atlas,1–1,Santos,1,1,-1,198,201,207,268,399,475,321,220,214,297,541,511
Dom,Guadalajara,3–0,UdeG,3,0,1,233,212,204,222,445,426,12,11,15,20,23,35
Sáb,Cruz Azul,1–2,Toluca,1,2,0,264,211,193,227,475,420,332,212,216,283,544,499
Vie,Querétaro,1–1,Puebla,1,1,-1,215,184,206,294,399,500,242,188,242,271,430,513
Vie,Veracruz,1–1,Atlas,1,1,-1,109,69,138,191,178,329,198,201,207,268,399,475
Vie,Santos,2–0,León,2,0,1,321,220,214,297,541,511,332,240,225,278,572,503
Dom,UNAM,2–2,UANL,2,2,-1,294,206,204,301,500,505,367,253,189,214,620,403
Sáb,Pachuca,1–1,Tijuana,1,1,-1,329,249,197,272,578,469,247,160,200,308,407,508
Sáb,Chiapas,1–1,Morelia,1,1,-1,71,51,75,98,122,173,148,138,147,177,286,324
Sáb,UdeG,0–0,América,0,0,-1,12,11,15,20,23,35,363,310,198,246,673,444
Sáb,América,2–1,Pachuca,2,1,1,363,310,198,246,673,444,329,249,197,272,578,469
Sáb,Puebla,1–1,Chiapas,1,1,-1,242,188,242,271,430,513,71,51,75,98,122,173
Vie,Tijuana,4–1,Santos,4,1,1,247,160,200,308,407,508,321,220,214,297,541,511
Vie,Morelia,2–3,UNAM,2,3,0,148,138,147,177,286,324,294,206,204,301,500,505
Dom,Toluca,1–0,Monterrey,1,0,1,332,212,216,283,544,499,354,254,181,257,608,438
Dom,Guadalajara,1–4,Querétaro,1,4,0,233,212,204,222,445,426,215,184,206,294,399,500
Sáb,UANL,1–0,UdeG,1,0,1,367,253,189,214,620,403,12,11,15,20,23,35
Sáb,León,3–1,Veracruz,3,1,1,332,240,225,278,572,503,109,69,138,191,178,329
Sáb,Atlas,2–1,Cruz Azul,2,1,1,198,201,207,268,399,475,264,211,193,227,475,420
Sáb,Cruz Azul,1–0,León,1,0,1,264,211,193,227,475,420,332,240,225,278,572,503
Vie,Veracruz,1–0,Tijuana,1,0,1,109,69,138,191,178,329,247,160,200,308,407,508
Vie,Querétaro,1–1,Toluca,1,1,-1,215,184,206,294,399,500,332,212,216,283,544,499
Vie,Santos,1–4,América,1,4,0,321,220,214,297,541,511,363,310,198,246,673,444
Dom,UNAM,2–2,Chiapas,2,2,-1,294,206,204,301,500,505,71,51,75,98,122,173
Dom,Guadalajara,0–0,Puebla,0,0,-1,233,212,204,222,445,426,242,188,242,271,430,513
Sáb,Monterrey,2–1,Atlas,2,1,1,354,254,181,257,608,438,198,201,207,268,399,475
Sáb,Pachuca,2–3,UANL,2,3,0,329,249,197,272,578,469,367,253,189,214,620,403
Sáb,UdeG,1–2,Morelia,1,2,0,12,11,15,20,23,35,148,138,147,177,286,324
Mar,León,1–3,Monterrey,1,3,0,332,240,225,278,572,503,354,254,181,257,608,438
Mar,Atlas,2–1,Querétaro,2,1,1,198,201,207,268,399,475,215,184,206,294,399,500
Mar,UANL,1–1,Santos,1,1,-1,367,253,189,214,620,403,321,220,214,297,541,511
Mié,Puebla,1–2,UNAM,1,2,0,242,188,242,271,430,513,294,206,204,301,500,505
Mié,Tijuana,0–0,Cruz Azul,0,0,-1,247,160,200,308,407,508,264,211,193,227,475,420
Mié,Morelia,0–1,Pachuca,0,1,0,148,138,147,177,286,324,329,249,197,272,578,469
Mié,América,2–0,Veracruz,2,0,1,363,310,198,246,673,444,109,69,138,191,178,329
Mié,Chiapas,1–1,UdeG,1,1,-1,71,51,75,98,122,173,12,11,15,20,23,35
Jue,Toluca,3–1,Guadalajara,3,1,1,332,212,216,283,544,499,233,212,204,222,445,426
Sáb,Cruz Azul,4–0,América,4,0,1,264,211,193,227,475,420,363,310,198,246,673,444
Sáb,Veracruz,0–1,UANL,0,1,0,109,69,138,191,178,329,367,253,189,214,620,403
Vie,Querétaro,1–2,León,1,2,0,215,184,206,294,399,500,332,240,225,278,572,503
Dom,Toluca,1–1,Puebla,1,1,-1,332,212,216,283,544,499,242,188,242,271,430,513
Dom,Guadalajara,0–1,Atlas,0,1,0,233,212,204,222,445,426,198,201,207,268,399,475
Sáb,Monterrey,1–1,Tijuana,1,1,-1,354,254,181,257,608,438,247,160,200,308,407,508
Sáb,Santos,2–2,Morelia,2,2,-1,321,220,214,297,541,511,148,138,147,177,286,324
Sáb,Pachuca,2–0,Chiapas,2,0,1,329,249,197,272,578,469,71,51,75,98,122,173
Sáb,UdeG,1–0,UNAM,1,0,1,12,11,15,20,23,35,294,206,204,301,500,505
Sáb,Puebla,1–1,UdeG,1,1,-1,242,188,242,271,430,513,12,11,15,20,23,35
Sáb,América,2–0,Monterrey,2,0,1,363,310,198,246,673,444,354,254,181,257,608,438
Vie,Morelia,0–1,Veracruz,0,1,0,148,138,147,177,286,324,109,69,138,191,178,329
Vie,Tijuana,2–1,Querétaro,2,1,1,247,160,200,308,407,508,215,184,206,294,399,500
Dom,UNAM,1–1,Pachuca,1,1,-1,294,206,204,301,500,505,329,249,197,272,578,469
Sáb,UANL,1–0,Cruz Azul,1,0,1,367,253,189,214,620,403,264,211,193,227,475,420
Sáb,León,2–1,Guadalajara,2,1,1,332,240,225,278,572,503,233,212,204,222,445,426
Sáb,Chiapas,2–0,Santos,2,0,1,71,51,75,98,122,173,321,220,214,297,541,511
Sáb,Atlas,0–2,Toluca,0,2,0,198,201,207,268,399,475,332,212,216,283,544,499
Sáb,Veracruz,1–2,Chiapas,1,2,0,109,69,138,191,178,329,71,51,75,98,122,173
Sáb,Cruz Azul,3–1,Morelia,3,1,1,264,211,193,227,475,420,148,138,147,177,286,324
Vie,Querétaro,3–2,América,3,2,1,215,184,206,294,399,500,363,310,198,246,673,444
Vie,Santos,1–1,UNAM,1,1,-1,321,220,214,297,541,511,294,206,204,301,500,505
Dom,Toluca,2–3,León,2,3,0,332,212,216,283,544,499,332,240,225,278,572,503
Dom,Guadalajara,2–3,Tijuana,2,3,0,233,212,204,222,445,426,247,160,200,308,407,508
Sáb,Monterrey,2–2,UANL,2,2,-1,354,254,181,257,608,438,367,253,189,214,620,403
Sáb,Pachuca,0–0,UdeG,0,0,-1,329,249,197,272,578,469,12,11,15,20,23,35
Sáb,Atlas,2–1,Puebla,2,1,1,198,201,207,268,399,475,242,188,242,271,430,513
Sáb,América,0–0,Guadalajara,0,0,-1,363,310,198,246,673,444,233,212,204,222,445,426
Sáb,Puebla,1–1,Pachuca,1,1,-1,242,188,242,271,430,513,329,249,197,272,578,469
Vie,Tijuana,0–1,Toluca,0,1,0,247,160,200,308,407,508,332,212,216,283,544,499
Vie,Morelia,2–1,Monterrey,2,1,1,148,138,147,177,286,324,354,254,181,257,608,438
Dom,UNAM,0–0,Veracruz,0,0,-1,294,206,204,301,500,505,109,69,138,191,178,329
Sáb,UANL,1–0,Querétaro,1,0,1,367,253,189,214,620,403,215,184,206,294,399,500
Sáb,León,4–0,Atlas,4,0,1,332,240,225,278,572,503,198,201,207,268,399,475
Sáb,UdeG,1–1,Santos,1,1,-1,12,11,15,20,23,35,321,220,214,297,541,511
Sáb,Chiapas,0–0,Cruz Azul,0,0,-1,71,51,75,98,122,173,264,211,193,227,475,420
Sáb,Cruz Azul,0–2,UNAM,0,2,0,264,211,193,227,475,420,294,206,204,301,500,505
Sáb,Veracruz,0–1,UdeG,0,1,0,109,69,138,191,178,329,12,11,15,20,23,35
Vie,Querétaro,2–0,Morelia,2,0,1,215,184,206,294,399,500,148,138,147,177,286,324
Vie,Santos,2–1,Pachuca,2,1,1,321,220,214,297,541,511,329,249,197,272,578,469
Dom,Toluca,2–2,América,2,2,-1,332,212,216,283,544,499,363,310,198,246,673,444
Dom,Guadalajara,0–0,UANL,0,0,-1,233,212,204,222,445,426,367,253,189,214,620,403
Sáb,Monterrey,1–2,Chiapas,1,2,0,354,254,181,257,608,438,71,51,75,98,122,173
Sáb,León,0–0,Puebla,0,0,-1,332,240,225,278,572,503,242,188,242,271,430,513
Sáb,Atlas,1–1,Tijuana,1,1,-1,198,201,207,268,399,475,247,160,200,308,407,508
Sáb,Monterrey,1–0,Guadalajara,1,0,1,354,254,181,257,608,438,233,212,204,222,445,426
Sáb,América,1–2,Atlas,1,2,0,363,310,198,246,673,444,198,201,207,268,399,475
Sáb,Puebla,3–3,Santos,3,3,-1,242,188,242,271,430,513,321,220,214,297,541,511
Vie,Morelia,1–2,Guadalajara,1,2,0,148,138,147,177,286,324,233,212,204,222,445,426
Vie,Tijuana,3–2,León,3,2,1,247,160,200,308,407,508,332,240,225,278,572,503
Dom,UNAM,4–2,Monterrey,4,2,1,294,206,204,301,500,505,354,254,181,257,608,438
Sáb,UANL,2–1,Toluca,2,1,1,367,253,189,214,620,403,332,212,216,283,544,499
Sáb,UdeG,1–1,Cruz Azul,1,1,-1,12,11,15,20,23,35,264,211,193,227,475,420
Sáb,Pachuca,1–0,Veracruz,1,0,1,329,249,197,272,578,469,109,69,138,191,178,329
Sáb,Chiapas,2–1,Querétaro,2,1,1,71,51,75,98,122,173,215,184,206,294,399,500
Mié,Pachuca,1–1,UANL,1,1,-1,329,249,197,272,578,469,367,253,189,214,620,403
Mié,UNAM,1–0,América,1,0,1,294,206,204,301,500,505,363,310,198,246,673,444
Jue,Monterrey,0–1,Atlas,0,1,0,354,254,181,257,608,438,198,201,207,268,399,475
Jue,Chiapas,1–1,Toluca,1,1,-1,71,51,75,98,122,173,332,212,216,283,544,499
Sáb,América,1–0,UNAM,1,0,1,363,310,198,246,673,444,294,206,204,301,500,505
Dom,Toluca,1–1,Chiapas,1,1,-1,332,212,216,283,544,499,71,51,75,98,122,173
Sáb,UANL,1–1,Pachuca,1,1,-1,367,253,189,214,620,403,329,249,197,272,578,469
Dom,Atlas,0–2,Monterrey,0,2,0,198,201,207,268,399,475,354,254,181,257,608,438
Jue,Toluca,0–0,UANL,0,0,-1,332,212,216,283,544,499,367,253,189,214,620,403
Jue,Monterrey,0–3,América,0,3,0,354,254,181,257,608,438,363,310,198,246,673,444
Dom,UANL,0–0,Toluca,0,0,-1,367,253,189,214,620,403,332,212,216,283,544,499
Dom,América,0–0,Monterrey,0,0,-1,363,310,198,246,673,444,354,254,181,257,608,438
Jue,UANL,1–0,América,1,0,1,367,253,189,214,620,403,363,310,198,246,673,444
Dom,América,3–0,UANL,3,0,1,363,310,198,246,673,444,367,253,189,214,620,403
Sáb,Puebla,2–1,Tijuana,2,1,1,242,188,242,271,430,513,247,160,200,308,407,508
Sáb,América,3–2,León,3,2,1,363,310,198,246,673,444,332,240,225,278,572,503
Vie,Santos,1–2,Veracruz,1,2,0,321,220,214,297,541,511,109,69,138,191,178,329
Vie,Morelia,0–0,Toluca,0,0,-1,148,138,147,177,286,324,332,212,216,283,544,499
Dom,UNAM,1–1,Querétaro,1,1,-1,294,206,204,301,500,505,215,184,206,294,399,500
Dom,UdeG,1–0,Monterrey,1,0,1,12,11,15,20,23,35,354,254,181,257,608,438
Sáb,UANL,0–1,Atlas,0,1,0,367,253,189,214,620,403,198,201,207,268,399,475
Sáb,Chiapas,2–1,Guadalajara,2,1,1,71,51,75,98,122,173,233,212,204,222,445,426
Sáb,Pachuca,0–1,Cruz Azul,0,1,0,329,249,197,272,578,469,264,211,193,227,475,420
Sáb,Cruz Azul,1–0,Santos,1,0,1,264,211,193,227,475,420,321,220,214,297,541,511
Vie,Querétaro,1–0,UdeG,1,0,1,215,184,206,294,399,500,12,11,15,20,23,35
Vie,Tijuana,1–0,América,1,0,1,247,160,200,308,407,508,363,310,198,246,673,444
Vie,Veracruz,3–1,Puebla,3,1,1,109,69,138,191,178,329,242,188,242,271,430,513
Dom,Toluca,3–0,Chiapas,3,0,1,332,212,216,283,544,499,71,51,75,98,122,173
Dom,Guadalajara,2–1,UNAM,2,1,1,233,212,204,222,445,426,294,206,204,301,500,505
Sáb,Monterrey,1–0,Pachuca,1,0,1,354,254,181,257,608,438,329,249,197,272,578,469
Sáb,León,0–1,UANL,0,1,0,332,240,225,278,572,503,367,253,189,214,620,403
Sáb,Atlas,2–1,Morelia,2,1,1,198,201,207,268,399,475,148,138,147,177,286,324
Sáb,América,0–0,Puebla,0,0,-1,363,310,198,246,673,444,242,188,242,271,430,513
Vie,Morelia,0–0,León,0,0,-1,148,138,147,177,286,324,332,240,225,278,572,503
Vie,Veracruz,0–0,Cruz Azul,0,0,-1,109,69,138,191,178,329,264,211,193,227,475,420
Vie,Santos,4–1,Monterrey,4,1,1,321,220,214,297,541,511,354,254,181,257,608,438
Dom,UNAM,3–2,Toluca,3,2,1,294,206,204,301,500,505,332,212,216,283,544,499
Dom,UdeG,1–1,Guadalajara,1,1,-1,12,11,15,20,23,35,233,212,204,222,445,426
Sáb,UANL,1–2,Tijuana,1,2,0,367,253,189,214,620,403,247,160,200,308,407,508
Sáb,Pachuca,2–1,Querétaro,2,1,1,329,249,197,272,578,469,215,184,206,294,399,500
Sáb,Chiapas,3–1,Atlas,3,1,1,71,51,75,98,122,173,198,201,207,268,399,475
Sáb,Puebla,0–0,Cruz Azul,0,0,-1,242,188,242,271,430,513,264,211,193,227,475,420
Sáb,América,1–0,UANL,1,0,1,363,310,198,246,673,444,367,253,189,214,620,403
Vie,Querétaro,0–1,Santos,0,1,0,215,184,206,294,399,500,321,220,214,297,541,511
Vie,Tijuana,4–2,Morelia,4,2,1,247,160,200,308,407,508,148,138,147,177,286,324
Dom,Toluca,3–1,UdeG,3,1,1,332,212,216,283,544,499,12,11,15,20,23,35
Sáb,Monterrey,1–1,Veracruz,1,1,-1,354,254,181,257,608,438,109,69,138,191,178,329
Sáb,Guadalajara,1–0,Pachuca,1,0,1,233,212,204,222,445,426,329,249,197,272,578,469
Sáb,León,1–1,Chiapas,1,1,-1,332,240,225,278,572,503,71,51,75,98,122,173
Sáb,Atlas,1–1,UNAM,1,1,-1,198,201,207,268,399,475,294,206,204,301,500,505
Sáb,Cruz Azul,1–0,Monterrey,1,0,1,264,211,193,227,475,420,354,254,181,257,608,438
Vie,Morelia,2–2,América,2,2,-1,148,138,147,177,286,324,363,310,198,246,673,444
Vie,Veracruz,1–1,Querétaro,1,1,-1,109,69,138,191,178,329,215,184,206,294,399,500
Vie,Santos,1–0,Guadalajara,1,0,1,321,220,214,297,541,511,233,212,204,222,445,426
Dom,UNAM,1–3,León,1,3,0,294,206,204,301,500,505,332,240,225,278,572,503
Dom,UdeG,0–2,Atlas,0,2,0,12,11,15,20,23,35,198,201,207,268,399,475
Sáb,UANL,1–0,Puebla,1,0,1,367,253,189,214,620,403,242,188,242,271,430,513
Sáb,Pachuca,1–1,Toluca,1,1,-1,329,249,197,272,578,469,332,212,216,283,544,499
Sáb,Chiapas,2–2,Tijuana,2,2,-1,71,51,75,98,122,173,247,160,200,308,407,508
Sáb,Puebla,2–0,Monterrey,2,0,1,242,188,242,271,430,513,354,254,181,257,608,438
Sáb,América,5–0,Chiapas,5,0,1,363,310,198,246,673,444,71,51,75,98,122,173
Vie,Querétaro,1–2,Cruz Azul,1,2,0,215,184,206,294,399,500,264,211,193,227,475,420
Vie,Tijuana,3–0,UNAM,3,0,1,247,160,200,308,407,508,294,206,204,301,500,505
Dom,Toluca,2–2,Santos,2,2,-1,332,212,216,283,544,499,321,220,214,297,541,511
Dom,Guadalajara,0–0,Veracruz,0,0,-1,233,212,204,222,445,426,109,69,138,191,178,329
Sáb,UANL,1–0,Morelia,1,0,1,367,253,189,214,620,403,148,138,147,177,286,324
Sáb,León,2–1,UdeG,2,1,1,332,240,225,278,572,503,12,11,15,20,23,35
Sáb,Atlas,1–3,Pachuca,1,3,0,198,201,207,268,399,475,329,249,197,272,578,469
Sáb,Cruz Azul,1–2,Guadalajara,1,2,0,264,211,193,227,475,420,233,212,204,222,445,426
Vie,Morelia,1–2,Puebla,1,2,0,148,138,147,177,286,324,242,188,242,271,430,513
Vie,Veracruz,3–0,Toluca,3,0,1,109,69,138,191,178,329,332,212,216,283,544,499
Vie,Santos,0–1,Atlas,0,1,0,321,220,214,297,541,511,198,201,207,268,399,475
Dom,UNAM,0–1,América,0,1,0,294,206,204,301,500,505,363,310,198,246,673,444
Dom,UdeG,0–1,Tijuana,0,1,0,12,11,15,20,23,35,247,160,200,308,407,508
Sáb,Monterrey,2–1,Querétaro,2,1,1,354,254,181,257,608,438,215,184,206,294,399,500
Sáb,Pachuca,2–1,León,2,1,1,329,249,197,272,578,469,332,240,225,278,572,503
Sáb,Chiapas,1–0,UANL,1,0,1,71,51,75,98,122,173,367,253,189,214,620,403
Sáb,Puebla,4–1,Querétaro,4,1,1,242,188,242,271,430,513,215,184,206,294,399,500
Sáb,América,0–1,UdeG,0,1,0,363,310,198,246,673,444,12,11,15,20,23,35
Vie,Morelia,3–2,Chiapas,3,2,1,148,138,147,177,286,324,71,51,75,98,122,173
Vie,Tijuana,2–2,Pachuca,2,2,-1,247,160,200,308,407,508,329,249,197,272,578,469
Dom,Toluca,1–0,Cruz Azul,1,0,1,332,212,216,283,544,499,264,211,193,227,475,420
Dom,Guadalajara,3–0,Monterrey,3,0,1,233,212,204,222,445,426,354,254,181,257,608,438
Sáb,UANL,3–0,UNAM,3,0,1,367,253,189,214,620,403,294,206,204,301,500,505
Sáb,León,2–1,Santos,2,1,1,332,240,225,278,572,503,321,220,214,297,541,511
Sáb,Atlas,0–3,Veracruz,0,3,0,198,201,207,268,399,475,109,69,138,191,178,329
Sáb,Cruz Azul,1–1,Atlas,1,1,-1,264,211,193,227,475,420,198,201,207,268,399,475
Vie,Veracruz,1–0,León,1,0,1,109,69,138,191,178,329,332,240,225,278,572,503
Vie,Querétaro,1–0,Guadalajara,1,0,1,215,184,206,294,399,500,233,212,204,222,445,426
Dom,UNAM,2–1,Morelia,2,1,1,294,206,204,301,500,505,148,138,147,177,286,324
Dom,UdeG,2–1,UANL,2,1,1,12,11,15,20,23,35,367,253,189,214,620,403
Sáb,Santos,1–1,Tijuana,1,1,-1,321,220,214,297,541,511,247,160,200,308,407,508
Sáb,Monterrey,3–2,Toluca,3,2,1,354,254,181,257,608,438,332,212,216,283,544,499
Sáb,Pachuca,0–0,América,0,0,-1,329,249,197,272,578,469,363,310,198,246,673,444
Sáb,Chiapas,2–2,Puebla,2,2,-1,71,51,75,98,122,173,242,188,242,271,430,513
Sáb,Puebla,1–2,Guadalajara,1,2,0,242,188,242,271,430,513,233,212,204,222,445,426
Sáb,América,1–0,Santos,1,0,1,363,310,198,246,673,444,321,220,214,297,541,511
Vie,Morelia,0–1,UdeG,0,1,0,148,138,147,177,286,324,12,11,15,20,23,35
Vie,Tijuana,3–1,Veracruz,3,1,1,247,160,200,308,407,508,109,69,138,191,178,329
Dom,Toluca,1–0,Querétaro,1,0,1,332,212,216,283,544,499,215,184,206,294,399,500
Sáb,UANL,2–1,Pachuca,2,1,1,367,253,189,214,620,403,329,249,197,272,578,469
Sáb,León,2–2,Cruz Azul,2,2,-1,332,240,225,278,572,503,264,211,193,227,475,420
Sáb,Atlas,2–1,Monterrey,2,1,1,198,201,207,268,399,475,354,254,181,257,608,438
Sáb,Chiapas,0–2,UNAM,0,2,0,71,51,75,98,122,173,294,206,204,301,500,505
Sáb,Cruz Azul,2–1,Tijuana,2,1,1,264,211,193,227,475,420,247,160,200,308,407,508
Vie,Querétaro,2–0,Atlas,2,0,1,215,184,206,294,399,500,198,201,207,268,399,475
Vie,Veracruz,4–0,América,4,0,1,109,69,138,191,178,329,363,310,198,246,673,444
Vie,Santos,2–2,UANL,2,2,-1,321,220,214,297,541,511,367,253,189,214,620,403
Dom,UNAM,2–1,Puebla,2,1,1,294,206,204,301,500,505,242,188,242,271,430,513
Dom,Guadalajara,1–0,Toluca,1,0,1,233,212,204,222,445,426,332,212,216,283,544,499
Sáb,Monterrey,5–1,León,5,1,1,354,254,181,257,608,438,332,240,225,278,572,503
Sáb,Pachuca,2–0,Morelia,2,0,1,329,249,197,272,578,469,148,138,147,177,286,324
Sáb,UdeG,0–1,Chiapas,0,1,0,12,11,15,20,23,35,71,51,75,98,122,173
Sáb,Puebla,0–1,Toluca,0,1,0,242,188,242,271,430,513,332,212,216,283,544,499
Sáb,América,1–0,Cruz Azul,1,0,1,363,310,198,246,673,444,264,211,193,227,475,420
Vie,Morelia,0–1,Santos,0,1,0,148,138,147,177,286,324,321,220,214,297,541,511
Dom,UNAM,2–0,UdeG,2,0,1,294,206,204,301,500,505,12,11,15,20,23,35
Sáb,UANL,3–1,Veracruz,3,1,1,367,253,189,214,620,403,109,69,138,191,178,329
Sáb,Chiapas,2–2,Pachuca,2,2,-1,71,51,75,98,122,173,329,249,197,272,578,469
Sáb,Tijuana,3–4,Monterrey,3,4,0,247,160,200,308,407,508,354,254,181,257,608,438
Sáb,León,4–5,Querétaro,4,5,0,332,240,225,278,572,503,215,184,206,294,399,500
Sáb,Atlas,1–1,Guadalajara,1,1,-1,198,201,207,268,399,475,233,212,204,222,445,426
Sáb,Cruz Azul,2–0,UANL,2,0,1,264,211,193,227,475,420,367,253,189,214,620,403
Vie,Querétaro,2–1,Tijuana,2,1,1,215,184,206,294,399,500,247,160,200,308,407,508
Vie,Veracruz,1–1,Morelia,1,1,-1,109,69,138,191,178,329,148,138,147,177,286,324
Vie,Santos,4–3,Chiapas,4,3,1,321,220,214,297,541,511,71,51,75,98,122,173
Dom,Toluca,0–0,Atlas,0,0,-1,332,212,216,283,544,499,198,201,207,268,399,475
Dom,Guadalajara,1–0,León,1,0,1,233,212,204,222,445,426,332,240,225,278,572,503
Sáb,Monterrey,1–1,América,1,1,-1,354,254,181,257,608,438,363,310,198,246,673,444
Sáb,Pachuca,3–1,UNAM,3,1,1,329,249,197,272,578,469,294,206,204,301,500,505
Sáb,UdeG,1–1,Puebla,1,1,-1,12,11,15,20,23,35,242,188,242,271,430,513
Sáb,Puebla,0–1,Atlas,0,1,0,242,188,242,271,430,513,198,201,207,268,399,475
Sáb,América,0–4,Querétaro,0,4,0,363,310,198,246,673,444,215,184,206,294,399,500
Vie,Tijuana,1–1,Guadalajara,1,1,-1,247,160,200,308,407,508,233,212,204,222,445,426
Vie,Morelia,2–0,Cruz Azul,2,0,1,148,138,147,177,286,324,264,211,193,227,475,420
Vie,Chiapas,1–1,Veracruz,1,1,-1,71,51,75,98,122,173,109,69,138,191,178,329
Dom,UNAM,1–0,Santos,1,0,1,294,206,204,301,500,505,321,220,214,297,541,511
Dom,UdeG,1–1,Pachuca,1,1,-1,12,11,15,20,23,35,329,249,197,272,578,469
Sáb,UANL,3–0,Monterrey,3,0,1,367,253,189,214,620,403,354,254,181,257,608,438
Sáb,León,1–1,Toluca,1,1,-1,332,240,225,278,572,503,332,212,216,283,544,499
Sáb,Cruz Azul,0–1,Chiapas,0,1,0,264,211,193,227,475,420,71,51,75,98,122,173
Vie,Querétaro,1–3,UANL,1,3,0,215,184,206,294,399,500,367,253,189,214,620,403
Vie,Veracruz,3–3,UNAM,3,3,-1,109,69,138,191,178,329,294,206,204,301,500,505
Vie,Santos,1–0,UdeG,1,0,1,321,220,214,297,541,511,12,11,15,20,23,35
Dom,Toluca,2–0,Tijuana,2,0,1,332,212,216,283,544,499,247,160,200,308,407,508
Dom,Guadalajara,1–1,América,1,1,-1,233,212,204,222,445,426,363,310,198,246,673,444
Sáb,Monterrey,1–0,Morelia,1,0,1,354,254,181,257,608,438,148,138,147,177,286,324
Sáb,Pachuca,2–1,Puebla,2,1,1,329,249,197,272,578,469,242,188,242,271,430,513
Sáb,Atlas,3–2,León,3,2,1,198,201,207,268,399,475,332,240,225,278,572,503
Sáb,Puebla,2–0,León,2,0,1,242,188,242,271,430,513,332,240,225,278,572,503
Vie,Morelia,1–2,Querétaro,1,2,0,148,138,147,177,286,324,215,184,206,294,399,500
Vie,Tijuana,1–2,Atlas,1,2,0,247,160,200,308,407,508,198,201,207,268,399,475
Dom,UNAM,0–1,Cruz Azul,0,1,0,294,206,204,301,500,505,264,211,193,227,475,420
Dom,UdeG,1–2,Veracruz,1,2,0,12,11,15,20,23,35,109,69,138,191,178,329
Sáb,América,3–1,Toluca,3,1,1,363,310,198,246,673,444,332,212,216,283,544,499
Sáb,UANL,2–1,Guadalajara,2,1,1,367,253,189,214,620,403,233,212,204,222,445,426
Sáb,Pachuca,2–3,Santos,2,3,0,329,249,197,272,578,469,321,220,214,297,541,511
Sáb,Chiapas,0–2,Monterrey,0,2,0,71,51,75,98,122,173,354,254,181,257,608,438
Vie,Querétaro,1–0,Chiapas,1,0,1,215,184,206,294,399,500,71,51,75,98,122,173
Vie,Veracruz,1–2,Pachuca,1,2,0,109,69,138,191,178,329,329,249,197,272,578,469
Dom,Toluca,0–0,UANL,0,0,-1,332,212,216,283,544,499,367,253,189,214,620,403
Dom,Guadalajara,2–3,Morelia,2,3,0,233,212,204,222,445,426,148,138,147,177,286,324
Sáb,Monterrey,2–2,UNAM,2,2,-1,354,254,181,257,608,438,294,206,204,301,500,505
Sáb,León,6–2,Tijuana,6,2,1,332,240,225,278,572,503,247,160,200,308,407,508
Sáb,Cruz Azul,0–2,UdeG,0,2,0,264,211,193,227,475,420,12,11,15,20,23,35
Sáb,Santos,2–2,Puebla,2,2,-1,321,220,214,297,541,511,242,188,242,271,430,513
Sáb,Atlas,1–2,América,1,2,0,198,201,207,268,399,475,363,310,198,246,673,444
Mié,Santos,1–1,UANL,1,1,-1,321,220,214,297,541,511,367,253,189,214,620,403
Mié,Pachuca,3–2,América,3,2,1,329,249,197,272,578,469,363,310,198,246,673,444
Jue,Querétaro,2–1,Veracruz,2,1,1,215,184,206,294,399,500,109,69,138,191,178,329
Jue,Guadalajara,0–0,Atlas,0,0,-1,233,212,204,222,445,426,198,201,207,268,399,475
Sáb,América,3–4,Pachuca,3,4,0,363,310,198,246,673,444,329,249,197,272,578,469
Dom,Atlas,1–4,Guadalajara,1,4,0,198,201,207,268,399,475,233,212,204,222,445,426
Sáb,UANL,0–1,Santos,0,1,0,367,253,189,214,620,403,321,220,214,297,541,511
Dom,Veracruz,2–2,Querétaro,2,2,-1,109,69,138,191,178,329,215,184,206,294,399,500
Jue,Pachuca,2–0,Querétaro,2,0,1,329,249,197,272,578,469,215,184,206,294,399,500
Jue,Santos,0–0,Guadalajara,0,0,-1,321,220,214,297,541,511,233,212,204,222,445,426
Dom,Guadalajara,0–3,Santos,0,3,0,233,212,204,222,445,426,321,220,214,297,541,511
Dom,Querétaro,2–0,Pachuca,2,0,1,215,184,206,294,399,500,329,249,197,272,578,469
Jue,Santos,5–0,Querétaro,5,0,1,321,220,214,297,541,511,215,184,206,294,399,500
Dom,Querétaro,3–0,Santos,3,0,1,215,184,206,294,399,500,321,220,214,297,541,511
